3.748385847213993	1.8335877903239735	0.4717042341837039
3.7494081614920134	1.8342180039741502	0.46775634901394975
3.7504350197859306	1.8348506427520752	0.46383344024232903
3.7514525970988175	1.8354716811768967	0.4599289286257989
3.752465504265272	1.8360761385833912	0.45603489134546554
3.7534726125678644	1.8366671741496665	0.45214352079941017
3.7544791959573307	1.837252915232688	0.4482624495030088
3.7554995695674744	1.8378412297445534	0.4443927075269916
3.756538307283005	1.8384363593469466	0.440535695610522
3.7575753447664324	1.8390146085745012	0.4366642158899009
3.7586123342136433	1.8396220203546905	0.43279859843961455
3.75965890288297	1.8402373667405028	0.4289399021319374
3.760709634093161	1.8408462906427547	0.42508847340383404
3.7617644624808158	1.8414487231550754	0.4212441550930523
3.762826384632471	1.8420492090204532	0.4174146645283786
3.7639111018982683	1.8426455118621998	0.4136071711299703
3.765004546666561	1.8432460887545035	0.4098258298254359
3.7660742634065985	1.843787570998938	0.4060662493054248
3.7671292776628715	1.8443058195824193	0.4023155899515719
3.7681879481547873	1.8448143977272309	0.39856496163513433
3.7692616655048665	1.8453135482699266	0.394801246680718
3.7692616655048665	1.8453135482699266	0.394801246680718
3.7703398449932983	1.845801917098241	0.39104126835930564
3.7714204707433763	1.8463025234040469	0.3872796415664171
3.7725108385756436	1.8467658135881506	0.38352581525073337
3.7735827411187404	1.8472046920318104	0.37978191551184687
3.774639271876289	1.8476288938931866	0.3760758860541859
3.7757028483675885	1.8480366865833135	0.3723862399500617
3.7767686953962127	1.848436084706889	0.36872125272011214
3.7778375831951876	1.8488708401414944	0.3650461341868879
3.778911063570702	1.8492911002234502	0.3613541021258593
3.779996668647617	1.8496745472456704	0.35765932129260664
3.7811031528150973	1.8500430372388976	0.35396432651656623
3.782209758158968	1.8503874932608144	0.35025977704293576
3.7833155737346793	1.8507192783763702	0.34655298183202193
3.7844270722652693	1.8510423560994975	0.34286314171977583
3.7855408461821494	1.851352451310691	0.33919213479687277
3.7866569451696375	1.8516549518549568	0.3355265139733609
3.787780725686282	1.8519351195903342	0.33187852617062297
3.788937691757612	1.8522099505863778	0.32820231820722207
3.7900963496334765	1.8524680333902515	0.3245323676984017
3.7912567220472813	1.8527123507250616	0.32086839001297107
3.7912567220472813	1.8527123507250616	0.32086839001297107
3.7924237124575506	1.8529482894159173	0.3172113611948622
3.7935917781201454	1.8531889558465697	0.31355084347027584
3.794771586945266	1.8534460931136487	0.30987863983916825
3.7959534948608873	1.8536526315526722	0.3062256650930697
3.7967022971533484	1.8543929996619126	0.30450522286609966
3.797166041015342	1.855487974832132	0.3040707141514924
3.7976384025658745	1.8565733161994555	0.303633571463987
3.798096689691657	1.857646846235953	0.30319094196246416
3.7985458864355937	1.8587123208354048	0.3027739508624566
3.7990022560104735	1.8597585066873124	0.3023623721231989
3.7994674227510856	1.8607878974950998	0.30195180121551607
3.7999367152893524	1.8618073153399273	0.30154053948440357
3.8004210577123785	1.86279971557171	0.3011216614357015
3.800914963971949	1.8637898363117456	0.30068273793469474
3.8013865967765597	1.8647386665664178	0.30021126439057116
3.8018556451869854	1.8656832551315612	0.2997462451986927
3.80228172224664	1.8665960535037784	0.2992762995234892
3.8026838526967475	1.867501956547378	0.29881122675851446
3.8030943639580403	1.8684209401388858	0.29834791382497566
3.8035277980824174	1.869336660476167	0.2978912343040393
3.8035277980824174	1.869336660476167	0.2978912343040393
3.803968307228442	1.870246726211325	0.29746933839193335
3.8044038384464876	1.8711535783519024	0.29706632647731157
3.8048454587479505	1.87206178268905	0.296668607000203
3.8052925254876073	1.87296242381663	0.2962770651333336
3.8057351754342417	1.8738488354889977	0.2959223371146395
3.8061783922248438	1.8747246625753564	0.2955888877743787
3.8066126309801627	1.8755873550946949	0.2952539028283874
3.8070246008028716	1.8764459417048611	0.29495815590093805
3.807388956479642	1.8773026530891526	0.2946599573385873
3.807753027740919	1.8781538860986675	0.2943699897093336
3.8081206496279734	1.879002720379398	0.29409117280712693
3.808508898670919	1.8798684836972872	0.29384698248425817
3.808896913189476	1.880727083242915	0.293612979324735
3.8092922629478863	1.8815884481781826	0.293392855486277
3.8096931361076742	1.8824390137689264	0.2931826578133032
3.810098201012602	1.8832969779891533	0.2929798510529159
3.810503295543159	1.8841631886476053	0.29278544835568926
3.8108941565712025	1.8850149029045258	0.2926074806282031
3.811282356859168	1.8858570897094242	0.2924262212342468
3.811673255271809	1.8866750065244864	0.29224792481626605
3.811673255271809	1.8866750065244864	0.29224792481626605
3.8120819615717267	1.8874611504204761	0.29209272260923713
3.8125002923809985	1.8882044778647133	0.291942869021819
3.8129268351826946	1.8889358428611862	0.29179052321630894
3.813347382847863	1.8896554719533587	0.29164987060621894
3.8137506539401187	1.8903571604263598	0.29153099134059335
3.8141606629291798	1.8910738725592093	0.29142360733449957
3.814564126781402	1.8917936155827766	0.29131051927519985
3.814968032770479	1.8925299716510815	0.2912088818840672
3.815375715062765	1.8932655336506217	0.2911319283235381
3.815783522063749	1.8940017068432318	0.29106910628870386
3.8161907740133763	1.8947453566550312	0.29102334417672626
3.8166065255444943	1.8955100467894406	0.29098898392339767
3.8170299654163067	1.8962755674697678	0.2909702527268888
3.8174549518468037	1.8970401397389567	0.29096333317946715
3.817874009811362	1.897807120956132	0.29095430307559855
3.8182870954353465	1.898563924648242	0.29094965330326805
3.818694591795951	1.899339586555284	0.2909593944936186
3.8191152844233707	1.9001207679462249	0.2909953393236821
3.819550014427854	1.9008908622810743	0.2910579255093897
3.81999655626703	1.901641945794148	0.29115627036771835
3.8204986046585585	1.9023776838792652	0.2912837600920442
3.8210446342378437	1.9031053043353585	0.2914226770232412
3.821612153043736	1.9037839372444016	0.2915763757244725
3.822241930978731	1.9044339186033716	0.2917510165657882
3.8229316850001145	1.9050527735571134	0.29196021417774337
3.8236809264237213	1.9056426594647864	0.292265265265618
3.82451622293233	1.9061899308223575	0.2926384951666286
3.825466879815004	1.90669207743893	0.2930614547955755
3.826556980567891	1.9071489528143846	0.2935817546915308
3.8277782839915324	1.90754365764934	0.2941849452227434
3.8291555926410323	1.907884073671449	0.29485571887373624
3.830680535545385	1.9081665487987167	0.2956235963033002
3.832338211472101	1.9083708433908293	0.2964826249229376
3.834147707406898	1.9085041080009006	0.2974213525501668
3.8361315502639313	1.9085541208600223	0.29846683243818495
3.8382734977683954	1.9085502564682295	0.29961227730892015
3.8405657902128976	1.9084840304462685	0.3008401629350492
3.8429944118194976	1.9083557630584354	0.3021634420609682
3.845547753863839	1.9081818162942032	0.303576434736815
3.8482009374815616	1.9079637673520793	0.3050575826713091
3.8509399682851275	1.9076924979905026	0.3065936144182883
3.853751980166805	1.9073758773165006	0.30818530642542263
3.8566290445550138	1.9070127731218778	0.30981911863673817
3.859560174463697	1.9066098958716684	0.311472896247361
3.862532765188656	1.906183295205772	0.3131595542393503
3.8655340517452808	1.9057386895929975	0.3148732141083064
3.868574203442202	1.9052748859618378	0.31657302120465397
3.8716377690365116	1.904800661466757	0.3182582853304023
3.874714329705421	1.9043106836127877	0.31991352409578405
3.8777958323897512	1.9038156417008034	0.32150940266399064
3.8809100690522347	1.9033095028247995	0.3230432251539529
3.8840504715952586	1.9028016552467577	0.3244985421927929
3.8871989178405735	1.9022892567062009	0.32586856211734416
3.890352537797222	1.9017733318692456	0.3271599938083207
3.8935265719176577	1.9012403785403609	0.32834678293287545
3.8967090373395483	1.9007124119979382	0.32941651935559163
3.8998905462220868	1.9001889202980498	0.33035279433785697
3.9030752826079977	1.8996646197567901	0.33114053028812795
3.906278189083326	1.8991346430406546	0.3317978443992014
3.9094812996710253	1.8986194853764018	0.33232663525056055
3.912683151613472	1.898110171209941	0.3327151860008991
3.9159164874621664	1.8975800126956475	0.3329735225926903
3.91917358722539	1.897050619386722	0.3331220126409555
3.922464347121057	1.8965298895496878	0.33316377113378576
3.925794389342615	1.8960131200337749	0.33313665685551946
3.9291323322349148	1.8954811042646647	0.3330439248632821
3.9324797588795226	1.8949346933922868	0.33287694770893683
3.9358651759750294	1.8943698039954386	0.3326480571686231
3.9392714994381413	1.8938002135700869	0.33236184590014406
3.941427953124222	1.8931846448796796	0.33260338406497836
3.938579961751475	1.8924119481831192	0.33506023427338927
3.9357339516484235	1.891623748281431	0.3374779204774841
3.9328971477879575	1.8908273088091412	0.3398557276854233
3.9300668544059834	1.8900330272886174	0.34220359788612115
3.9272324498847544	1.8892206688554447	0.3444995313972174
3.924412088925299	1.888420942647045	0.3467390795449741
3.921622275004424	1.8876068943991502	0.3489151349702267
3.9188737118685806	1.8867774755640887	0.35102268264250713
3.916164323873251	1.8859185927103814	0.3530640033622337
3.9135139618540102	1.8850361088643688	0.35502277328029186
3.9109297799346225	1.8841917573992009	0.356919527640794
3.9083723144686466	1.8833306921643795	0.3587417549570323
3.905829586269656	1.8824195480067476	0.3604908045900448
3.903306272746673	1.8814805699616182	0.3621580273866749
3.9007943448376405	1.880532817027137	0.36375957039269435
3.898298056324672	1.879577564895221	0.36529423166282765
3.8958051132298115	1.8786226452276273	0.3667307332502175
3.893344304453969	1.8776570615794597	0.3680802354132446
3.8908966456224228	1.8767013087531665	0.36935423496351055
3.888452638897932	1.8757408006200498	0.37056926450513583
3.8860268145287207	1.8747556941509267	0.3717050749712496
3.8836078411474286	1.8737664641574385	0.3727808082508113
3.881213627538627	1.8727846018586016	0.3737974601400655
3.878834526686302	1.8717973175054066	0.3747642211106142
3.8764733683899966	1.8708005828532395	0.3756726917747757
3.874109534998656	1.869801083042305	0.37654185547479746
3.8717443086910643	1.8687787891776517	0.3773755393588656
3.869404298660982	1.8677754972138374	0.3781580408680186
3.867092513492199	1.8667805757867892	0.3788980348948141
3.86478169607916	1.8657896296048622	0.37960456083731464
3.8624741810699383	1.8648043473831664	0.3802726356880582
3.860183044955256	1.8638180452035862	0.38092349608432574
3.8579118342625254	1.8628155051356676	0.3815485772783412
3.855649218829371	1.8618057684233322	0.3821509554227066
3.8533803517455865	1.8607867456539247	0.3827127236769444
3.8511110632968064	1.8597577685160485	0.38324466905037363
3.848832823454656	1.8587160978248005	0.38373890893010654
3.846553612249848	1.8576535932331326	0.3841881841386583
3.8442987923333654	1.8566058337624216	0.38460429472024393
3.84206420017067	1.8555685287845136	0.38500667008433953
3.8398522218623876	1.8545348681632972	0.3853832615429288
3.8376925271285867	1.85349203698186	0.3857377280924592
3.8355478567910413	1.8524488809980113	0.38605773386665293
3.833408147047648	1.8513993298020353	0.38635258973019065
3.831269608994141	1.850345657711513	0.38663133223765783
3.8291123064710804	1.8492884745456177	0.38689696340073226
3.8269547408865003	1.8482315669973797	0.387145371544849
3.824805770911024	1.8471927722134638	0.38738135709753446
3.8226458595793793	1.8461549241939557	0.3875924908731367
3.8204958300855005	1.8451171653621428	0.3877809605835585
3.818353357533803	1.8440727306292668	0.3879558519430301
3.816220373883917	1.8430331802094722	0.38813108640508626
3.8140845457220087	1.8419894913292765	0.38829464435027516
3.8119355603651197	1.8409322692751764	0.388457756956832
3.8097962583992717	1.8398725010906634	0.38861425277208395
3.8076556215853428	1.8388098310430996	0.3887596374231804
3.8055193736474293	1.837741723091533	0.3888798374429502
3.8033862256905158	1.836651069017238	0.3889952546857858
3.8012658565133672	1.8355652801526094	0.3891007374537914
3.799156344687554	1.8344967944667505	0.3892030460127958
3.797041833158898	1.833467077675254	0.38928530190360344
3.794944481387082	1.8324826500161444	0.38937010779795433
3.792846056966823	1.8315219808461596	0.38946456005902635
3.7907494854024155	1.8305637385799771	0.3895516630322985
3.7886315864810896	1.8296290877805717	0.38964361831122735
3.786517242353271	1.8286892794573786	0.38973365146252076
3.7844073492298875	1.8277321501346873	0.3898391608228904
3.7822664413840092	1.826759205369988	0.3899649418803734
3.7801271609896676	1.825781226540132	0.3900930058226372
3.7782538683130564	1.8249739989409988	0.39071712350553556
3.7774030495541164	1.824877189088774	0.39331422623630724
3.776570778827468	1.824806453220486	0.3959090361401272
3.7757377393054243	1.8247359570337514	0.39850216894464524
3.7749089076059477	1.8246589986575745	0.40107944870956497
3.7741040840450673	1.8245748087226474	0.40363073162037105
3.7732962092168645	1.8244665391597499	0.4061540704826523
3.772467323087552	1.8243484129408916	0.40862507165511536
3.7716182717994977	1.8242032818948892	0.41103593532998506
3.77076961811807	1.824026735188991	0.41340940544000226
3.7699217457810827	1.8238214079021058	0.4157363102174608
3.769087593565321	1.8235697749727535	0.4180175991477795
3.7682589013466625	1.8232903362079154	0.420218081217025
3.7674289866597417	1.8229699716027876	0.4223417808609699
3.766599997318591	1.8226082318990617	0.42438798815764084
3.7657431671379826	1.8221942226468169	0.4263476362151361
3.764855986997163	1.8217243554803648	0.428196648844782
3.7639449792248043	1.8211721841098485	0.42995544528989205
3.76303798545524	1.8205329015744622	0.4316150774401186
3.762116453464117	1.8198115570744364	0.4331705703348722
3.7611812704246854	1.8190417785159514	0.4346268352581826
3.760242636334542	1.8181857049970194	0.43598877300530686
3.7592833370390766	1.817218988466989	0.43725273495362504
3.758302481688017	1.8161676121460915	0.43841642350775256
3.757302061229878	1.815028568842506	0.43947141014466706
3.7563173010212454	1.8137995136564085	0.44045955158632644
3.7552997160905073	1.8124921809722072	0.44135958511740253
3.7542658301169385	1.8111179138995652	0.4421780296219914
3.753224902248194	1.8096908412469674	0.4429410780036346
3.7521572929215368	1.808204208598231	0.44362990662689805
3.751049793912814	1.8066675670590124	0.4442893333657295
3.7499082057249025	1.8050923377213057	0.4449064078691103
3.7487366489577223	1.8034663145945056	0.44545375660671344
3.747557366763663	1.801820746588666	0.44596971330672047
3.746370090932196	1.800124847708426	0.4464517441257708
3.745168055935086	1.7983996542637224	0.44689860209969384
3.7439500295554744	1.7966428110933188	0.4473137849482665
3.7427232597347446	1.79485446536619	0.4477068560240777
3.7414847152485624	1.793030633537563	0.4480863414201379
3.740245230590212	1.7911932404677844	0.4484622316420555
3.7390042972862703	1.789349917670062	0.4488283521710129
3.7377603969943283	1.7875257172916474	0.4491690478803925
3.736519421720765	1.7857386066588627	0.4495131336202879
3.735264057162904	1.783937408885408	0.44984999889861627
3.73400329043816	1.782132069607922	0.45017235296619607
3.732734753710591	1.7803014632249157	0.4504860312480646
3.731470425168205	1.7784509606765735	0.45080242701730694
3.7302090433967585	1.7765994330477544	0.45110440060238105
3.7289507001586655	1.7747503376954672	0.45140418796710996
3.727718002746467	1.7729169282099575	0.4517066555624487
3.7264852800311283	1.7710919912686718	0.45200930468345185
3.7252409792674803	1.7692778261602584	0.4523179095137253
3.7240204534066508	1.7674706524260848	0.452629928734677
3.722823407979715	1.7656921910293966	0.4529414182504503
3.7216375011965703	1.7639296648683997	0.4532571618276756
3.7204638356623936	1.7621649696992223	0.45357049890613005
3.719293774699926	1.7603950721365973	0.45386659201263074
3.718123400737054	1.7586295525088167	0.45414411000766747
3.7169816823901107	1.7568745072343144	0.45439068747088335
3.715843957839219	1.7551205255696578	0.4546495788767446
3.714732692904528	1.753385930928914	0.4549124799028682
3.7136112980669793	1.7516358710739033	0.4551939367106877
3.712501858605989	1.7498857520528144	0.4554835307122251
3.7114264220592745	1.7481752520715428	0.455793329981859
3.7103672838076243	1.7464871891173623	0.45611020444628697
3.7093338118278476	1.7447847084093837	0.4564707467253138
3.708279910391068	1.743072025806953	0.45683774870459387
3.7079507349330605	1.7447076401914647	0.4562933434566274
3.7077791506384465	1.747185591409025	0.45553988257264677
3.7076108519501325	1.7496570693597826	0.4547946613303056
3.707412101298871	1.7521398258093956	0.4540445984412645
3.7071890646507404	1.7546188293621614	0.45327223606654016
3.706947893739848	1.7570752733912898	0.4524834277300333
3.706678463324227	1.7595174862438905	0.4516832770847492
3.70640303853585	1.7619081734011446	0.4508654230096507
3.706113844881683	1.76424707979245	0.45002452271288274
3.705781264669703	1.766535609309331	0.4491147649465202
3.7053976206246144	1.7687545374101699	0.44809913496009185
3.7049291771404125	1.7709025603352533	0.4469774552043826
3.7043506153906556	1.7729577173965272	0.4456959986593699
3.7036529216409777	1.774920625187878	0.44425073236762974
3.702782846760858	1.7767431202351587	0.4426071702528826
3.7017277874028682	1.7784400061212908	0.4407393577097241
3.700476136408024	1.7799819297111255	0.43859033509764034
3.699004446670504	1.7813614874524608	0.43615906056278103
3.697326716415936	1.7825833161644857	0.4334599036042151
3.6954387990833837	1.7836462624164107	0.4304972080284295
3.6933603269406663	1.7845800310496067	0.4273003199699423
3.691113435044447	1.7854021534143767	0.4238966540184502
3.688743641414371	1.7861505713831516	0.4202788128139994
3.686246641692566	1.786822245976896	0.41651484027403346
3.6836312616860813	1.7874478796585969	0.41261086209433206
3.680930368467929	1.7880300565524796	0.40862025869257856
3.6781644583558784	1.7885788004964716	0.40452621654358367
3.6753424852128243	1.7891209300359026	0.4003936026267711
3.6724905457334556	1.789635419250734	0.3962340877718163
3.6696084196044922	1.7901252612221072	0.39205951970700975
3.666716220476346	1.7906042206331356	0.3878731025929156
3.6638202378808824	1.7910757198483065	0.3836788614582658
3.6609172704592163	1.7915483378927919	0.3794881031048549
3.6580086963295737	1.7920187034424164	0.3753075990189655
3.655102574920646	1.7924975634816993	0.37111535809681845
3.652223038369166	1.7929763417382845	0.36691709668092215
3.649386241832742	1.7934496987766577	0.3627253592346008
3.646557246994428	1.793919532970295	0.3585333408193761
3.6437362985108086	1.794382664574703	0.35435868818058663
3.6409005547147015	1.7948211128379135	0.3501858036181586
3.6380805493710295	1.795246669884661	0.3460356131532007
3.635268837204768	1.7956791249460702	0.34187946747710174
3.6324698834695535	1.7961139338389789	0.33772725343245485
3.6296675448380165	1.7965513084374005	0.33359223186786957
3.6268778558417516	1.7969819795379471	0.3294660381168775
3.624096744258561	1.7974064615143346	0.3253572288244976
3.62132842703493	1.7978213627961208	0.3212368458560988
3.618573253569276	1.7982272644344985	0.317106951214582
3.615854289294008	1.798622199998215	0.31297131380071586
3.6131455515433357	1.7990030220164863	0.30884698544121225
3.6104270027122123	1.799361998828177	0.30471294448417574
3.6077181880630196	1.7997264530131207	0.30056146928877747
3.6050261099216874	1.8000934719184967	0.296402405212444
3.6023512679417955	1.8004475416258299	0.29223397899251313
3.5996964589713234	1.8008167461724893	0.2880510427218601
3.5970495840053758	1.8011902343614594	0.2838450863791483
3.5944137474973537	1.801564495943189	0.2796309065142616
3.5918352676557963	1.8018926669199582	0.27543927435835536
3.589286109592327	1.8022160281661046	0.2712534116875483
3.586766841321994	1.8025354138670244	0.26706045147761326
3.5842540172791155	1.8028404285387165	0.26284699543478335
3.581743227570933	1.8031427592884612	0.25862369919293776
3.5792320141184732	1.803443238008687	0.2543889714809896
3.5767327463232372	1.8037485616294848	0.25014485674039544
3.5742319317501363	1.8040647811442507	0.24587342051678257
3.5717406373269394	1.8043844278605723	0.24159599939837587
3.5692575213489968	1.8047146848179518	0.23730728184237496
3.566796343148432	1.8050219464662787	0.23301506172234746
3.56436450574916	1.8053066915021447	0.22874690535727238
3.5619515709780125	1.8056112303742584	0.22450152525578965
3.55954517669503	1.805917507244238	0.22027740323020337
3.557151232861939	1.8062369771995472	0.21604660213234234
3.5547723120248778	1.80656096181608	0.21181142522966181
3.552413895372608	1.806887343759217	0.20756192214682312
3.550082585065531	1.8072153139279383	0.2033014369999491
3.547753741707844	1.8075142613945694	0.19904572490564734
3.5454398054047025	1.8077706691357283	0.19478269883477722
3.5431371562841436	1.8080136418552382	0.19049302009480323
3.540831891819266	1.8082620892278605	0.18618828668959403
3.5385447609190512	1.8085115107820289	0.18187457981296065
3.5362695384055938	1.8087676539538464	0.177563874122506
3.5340109584624	1.8090097513376842	0.173256531541291
3.531778823465312	1.8092258343867258	0.1689145825034492
3.52957454829056	1.8094412778780185	0.16455636417927497
3.527396894418912	1.8096695316958022	0.16019682593872703
3.525258241107599	1.8099037618283178	0.15583620679228818
3.5231208509560097	1.81014392804777	0.15145444943188505
3.5209879650494096	1.8103983630902494	0.14705669714102762
3.518838827946647	1.8106552053534637	0.1426259154356218
3.5166913919853626	1.8109077673910652	0.13818341334244905
3.51453722813279	1.8111834658057777	0.13371955646754496
3.5123820736983578	1.8114619483296517	0.12924269116101608
3.5102194452109674	1.811722904051401	0.12473383740976768
3.508048582686981	1.8119926583011892	0.12019227313702509
3.505877979477389	1.8122563386324615	0.11565312420839126
3.503712187001053	1.8125155942015208	0.1111062445381256
3.5015529422369522	1.8127649234987024	0.10655372541055085
3.4993924791041517	1.8129855002292408	0.10199108271394068
3.4972448076903135	1.8131857897252917	0.09740488649602222
3.495109523474754	1.8133863427382277	0.09279522239894478
3.493002486546471	1.8135897178686764	0.08816111633929755
3.4909144716847424	1.813807423549541	0.08351899385385993
3.488837955364922	1.8140091774737126	0.07884711557486467
3.486760772478697	1.8142071352694527	0.0741481915872658
3.4846614693994145	1.8143949517863986	0.06942338818525169
3.482563782752463	1.8145883497401452	0.0646794277443965
3.4804725422920693	1.8147896911113686	0.059942862030004075
3.4783794929998617	1.8149967492720378	0.05520917275143167
3.4762873564566052	1.8151916796527472	0.050451034775530326
3.4741953764497513	1.8153621678975944	0.04567111413062672
3.4721078946810846	1.815525682508783	0.04088068944944509
3.4700401813725525	1.8157090555122093	0.036092168104864965
3.468000143258955	1.8159020119947165	0.03130019898056181
3.465977021230022	1.8160948468691502	0.026500716006624764
3.4639777639559037	1.8162631124162945	0.021685076140714906
3.461994775502186	1.8164303895753802	0.01685449525888035
3.460010687723471	1.8165974956948165	0.012007506354653972
3.45803273147337	1.8167586212329159	0.007145663009889959
3.4560505285008607	1.8169119171942651	0.0022878087480746414
3.4540583996734546	1.817052464691601	3.9974266684146285
3.45206808179815	1.817186473001245	3.992557398901192
3.4500773499448916	1.8173159125247835	3.9876849703313866
3.44808370569272	1.8174351892724685	3.982813156730959
3.4460974095906396	1.8175454923736507	3.977932620743683
3.4441216434125903	1.817648464173361	3.9730230573500815
3.442167418474746	1.8177608334421649	3.9681001217357537
3.440218098651721	1.8178817644810423	3.963182327161655
3.4382551086710196	1.8180082421276746	3.958272224005405
3.4363092129327892	1.8181317388689433	3.953325053808349
3.434373454081241	1.8182178250146703	3.948358122135638
3.4324481679964145	1.8182775801014512	3.943376871721758
3.430523568444078	1.8183226573721285	3.9383959911556534
3.428600516834425	1.8183600223239507	3.9334120562561847
3.426685134247037	1.8183980682812835	3.9284187082431425
3.4247804087239517	1.8184434853355778	3.923430285615797
3.4228619841003143	1.8184912868583782	3.9184152205576184
3.420950747237532	1.818532380123373	3.9133990539032277
3.42293490816828	1.8178189563175973	3.912834930836027
3.425888171659452	1.8169159719516081	3.913370985639946
3.4288494912614276	1.8160004647842853	3.9138886946503835
3.4318084435305454	1.815081998449263	3.914403111473282
3.4347457950176876	1.8141699708135561	3.914937893947173
3.4376828152853696	1.8132512243835832	3.9154634382809057
3.4406181367013327	1.8123373920783494	3.9159774897728403
3.4435527188136006	1.81143781079951	3.9165025921078853
3.4464946522849402	1.8105277969529114	3.91702676397439
3.4494641837632956	1.8095918226364842	3.917553911344489
3.452431935800259	1.808648745949276	3.918077334612322
3.455374734076275	1.8077174043677866	3.9185815777042845
3.4583298106776157	1.8067437655893948	3.9190570659579422
3.461270413792962	1.8057517140027688	3.919512521529267
3.4641880024691765	1.8047547525368155	3.9199649327853474
3.4671095744322478	1.803755890325501	3.920409374502504
3.470013736264494	1.8027572916045347	3.920829811397358
3.4729054742142424	1.801734509123812	3.921242089198744
3.4758006956225125	1.800696396191256	3.9216590755934413
3.4787020349737965	1.7996509711421453	3.92206455768424
3.4816065872172106	1.7985988188708324	3.9224712634774845
3.4845131529231694	1.7975384596211295	3.9228720611070598
3.48742282865587	1.7964724752672474	3.9232647655322053
3.4903304985788672	1.795402724022205	3.9236486744038634
3.4932239445931312	1.7943108581181704	3.9240028370204256
3.4961111291878093	1.7932295007680965	3.924355017656131
3.499004356515752	1.7921429790891885	3.9246993704938453
3.5019125581576405	1.7910244969400093	3.9250492692376895
3.504834341500282	1.7899262504553206	3.9254334800225306
3.507765390369662	1.7888330525951277	3.925822765793441
3.5106907027529193	1.787751874359628	3.926219219748159
3.513610240708149	1.786657347025442	3.9265968967208154
3.516533360506472	1.785558834359962	3.9269688471638435
3.519458461886269	1.7844521924110281	3.927336441892548
3.522396416611876	1.7833438268972877	3.9276967348022254
3.5253501612700084	1.7822066906617462	3.928044863638502
3.5283073129104205	1.7810587636380655	3.928388260386281
3.53126271576365	1.7798880962911579	3.9287186470022233
3.53420685993409	1.7787014488759112	3.929045470677063
3.5371491757025804	1.7775132267918348	3.929365487059705
3.54010505151685	1.7763126193524934	3.9296928832657696
3.54309138828193	1.7750811903550738	3.9299939097432066
3.5460749196292616	1.7738465440939142	3.9302797161898693
3.549063427150947	1.7725929220360905	3.9305302225962118
3.55204800017507	1.7713434517202877	3.930769360168209
3.555031626443537	1.7700880223801971	3.931007671946097
3.558008733396227	1.7688354638271648	3.9312516930269994
3.5609926747153895	1.7675765086737847	3.931487239665491
3.5639737443604345	1.766324448077947	3.9317092369952866
3.5669466370270464	1.7650587058796319	3.931909696099137
3.569922201355349	1.7637854234419312	3.9320792985013107
3.5728952973746653	1.7624935908561556	3.932219466399803
3.575871261923333	1.761197192910578	3.9323406297350174
3.578859484759905	1.7598986778609367	3.932448098345096
3.5818416086749494	1.7586007419059606	3.9325664381356695
3.584826260110771	1.757299227854641	3.9327080714760787
3.587808824466629	1.7560053411969934	3.9328180491923246
3.590808143440836	1.7547124634584828	3.93292700443044
3.59380916641168	1.7534149426530639	3.933035919158658
3.5968161503646847	1.7521203856688987	3.9331169451525385
3.599824548839573	1.7508260953550574	3.93318517674138
3.6028399167975094	1.7495383711270844	3.9332505379319485
3.6058597808738155	1.7482451612773242	3.9333041465887084
3.6088473113577333	1.7469835447732065	3.9333408909932266
3.6118290024540225	1.74574302210104	3.933362339238483
3.614822463004077	1.74451158502556	3.933379400657231
3.6178255849500056	1.7432803735014133	3.933381415512967
3.6208472601762636	1.7420680814758709	3.933374086548591
3.6238746649983558	1.7408730924525955	3.9334084833580003
3.6269172282193796	1.739682243451573	3.93344286168657
3.6299605846725895	1.7384900125170497	3.9334674478834755
3.632989605715925	1.737304733010417	3.933471785359494
3.6360258400625183	1.7361048828526018	3.933474266175943
3.6390711353513066	1.734908713852145	3.9334752077497415
3.642140624005896	1.7337199327608694	3.9334860338310125
3.6452279843494635	1.732534064640649	3.933496836628814
3.6483206661046195	1.731347630781589	3.9334986118779467
3.6514251969690803	1.7301799777167188	3.9335072143584084
3.6545626942958918	1.7290091087664896	3.933497583738198
3.6577269282094216	1.7278493303444764	3.933469761410828
3.6608853148177447	1.7266887719197122	3.9334298060292965
3.664035633215187	1.72552169443345	3.9333703626190997
3.667172980111433	1.7243686130282532	3.933308169830239
3.670331159248224	1.7232098508153022	3.933267011988881
3.6735198908578077	1.7220431960313285	3.9332183419780606
3.6767196843142433	1.7208718475780622	3.933159243888304
3.679921134415686	1.719691371888382	3.933102130649399
3.6831224037300423	1.7185055745427475	3.9330465134265125
3.686324021190724	1.7173229116832818	3.932981444344366
3.6895046722050613	1.7161254944018638	3.932898157089133
3.6926767113950607	1.7149390116319383	3.932832290933051
3.695851334793315	1.7137573406802802	3.9327703276637305
3.699029659079015	1.7125713160223792	3.9327120142517424
3.702210930107665	1.7113793809685662	3.9326616885323418
3.705394642392843	1.7101957562142076	3.9326257565857135
3.708588914496217	1.7090203352550326	3.9326042044294014
3.7117970110403604	1.7078630082315696	3.9325948715244317
3.71501421534957	1.7067127298843354	3.93259240345432
3.7182300507949995	1.7055693899020548	3.9325955863313866
3.721442663677669	1.7044374570084437	3.9325902971410813
3.7246581631143245	1.7033137784628405	3.932591679345919
3.7279009112881543	1.7021892255024982	3.9326179588007335
3.731148528510797	1.7011072813315615	3.9326242236939986
3.734385748122444	1.7000075296422146	3.9326229634433907
3.737620490622907	1.6988800735058733	3.932617380244491
3.7408538504883824	1.6977534143544364	3.9326338406397925
3.744087048725964	1.6966269794220012	3.9326713431627383
3.7473360824553907	1.6954626582508223	3.9327391706773653
3.750595972697358	1.6942917299922478	3.9328102550144206
3.7538487944199783	1.6931188387246539	3.932902107402214
3.7571154817619403	1.6919161738280553	3.933016319198816
3.7603773463240215	1.6907359505910045	3.933168881173627
3.7636602601979523	1.6895530674537778	3.93336303321264
3.7669383972750636	1.6883694791249517	3.9335861424774494
3.770218667243285	1.6871854323608124	3.9338350393872368
3.773505906256608	1.6860030375843256	3.9341126424476798
3.77677070453394	1.6848342688726345	3.934414398938282
3.7800487503909137	1.683668884571023	3.9347493834523535
3.783334417987282	1.682508762426511	3.935123143431098
3.7866332113472696	1.6813717375276767	3.9355267740034745
3.789936958236787	1.6802540504227839	3.9359596613055845
3.793255429320712	1.6791316053567071	3.936399990993626
3.796593160708237	1.677995784255575	3.9368577087145944
3.799931551302362	1.6768596213248799	3.937339996870769
3.8032691720357468	1.6757257337428024	3.937838547759524
3.806612386829915	1.674593578296254	3.938340319820914
3.809970002430083	1.673463060029454	3.9388217396952387
3.813341938188433	1.6723027388819056	3.9392876371913577
3.816707446081616	1.6711909158023313	3.9397859339737895
3.8200702822762795	1.6700780288797148	3.9402802389892972
3.8234356337859454	1.6689549518641085	3.9407739918250786
3.822640678635669	1.6696104073073856	3.9385738697135517
3.821855194364337	1.6702515419684092	3.936375890642303
3.8210690221329298	1.6708924553098676	3.9341792911341655
3.820277119872468	1.671552329253114	3.9320062244242657
3.8194414276235165	1.6722072912319443	3.929829111703027
3.81859737061574	1.6728583746492354	3.9276474371608803
3.8177460769999114	1.6735037878024042	3.9254634835120554
3.8168908152302277	1.674141420055165	3.923291293136851
3.8160457844148548	1.6747935496719648	3.921131042205728
3.8152026540111574	1.675434292228434	3.918979271363719
3.814353861618861	1.6760339569045974	3.916824819622936
3.8135042571554014	1.6766213296365409	3.9146645521911756
3.8126582034625733	1.6771934649278204	3.912500908227391
3.8118283748425634	1.677765323875085	3.91035343445714
3.8109952776562843	1.6783212773527536	3.908209875606854
3.8101600591925173	1.67885256487294	3.906055358732994
3.809346706882646	1.6793676202608558	3.903892175883491
3.808533740092087	1.6798820150000893	3.9017280599766297
3.807713535939009	1.6804019078939094	3.8995584987162464
3.806889531121262	1.680917146152998	3.8973909361952637
3.806046406944705	1.6814286241373064	3.8952240705032786
3.8051982088355216	1.6819290793755999	3.893079382076031
3.8043489215009902	1.6824329511816227	3.890949253141815
3.803507812551376	1.6829222862150484	3.8888461304362982
3.8026773705268275	1.6834141693485967	3.886758413866775
3.8018618687870136	1.6839077823395494	3.884667375263669
3.801028812548668	1.684433145142516	3.8825604329168515
3.8001888926225913	1.6849420251346603	3.880432048827303
3.7993589991558836	1.6854405858853465	3.878302373498231
3.7985302734537343	1.6859167789845089	3.8761808079128137
3.7976941777431286	1.686381876340588	3.8740524222688477
3.796834107920333	1.6868539065659547	3.871911522798696
3.7959515528843406	1.6873066371130416	3.8697528273189548
3.79507310208406	1.6877554657281317	3.8675672796330405
3.7956979132332966	1.688500611241392	3.867561719964395
3.7973187761658287	1.6894323729278768	3.8689933695948873
3.7989260546211083	1.6903415108737814	3.8704104867665854
3.8005216833927147	1.6912393642354682	3.871846335378683
3.802102585458955	1.692169654279397	3.873308552016044
3.803672076234794	1.6930941805954194	3.874766499349658
3.8052236948931077	1.6940080410067493	3.876220847551559
3.8067593812979292	1.694933888409018	3.877658793939082
3.808286155434585	1.6958601919412144	3.879087286347457
3.8098023772172924	1.6967862901304949	3.8805114870240622
3.811306602851974	1.6976933194652815	3.88195969383164
3.8128293231820485	1.6985561590885756	3.8833919748893395
3.814374815868526	1.6993692511641658	3.8848310487976754
3.8159211773424806	1.700174745159986	3.886261518846035
3.817460995695028	1.7009683599748693	3.8876865254238826
3.818970924774946	1.701779535168475	3.889102996692022
3.820467780731772	1.7025850490154282	3.8905171235573137
3.8219589414442505	1.7033781337728628	3.891931681299161
3.8234231721590954	1.704153824926283	3.8933418825974577
3.8248746568528795	1.7049197517022219	3.894710454014599
3.826329197227555	1.7056532302109024	3.896078699647912
3.827780920621682	1.7063757734507543	3.8974423664905293
3.8292493397036744	1.707084210598529	3.8988077164001425
3.8307250232973704	1.707743211036032	3.9001889895746
3.8321972929519736	1.708370044170861	3.9015844068983347
3.8336610882903766	1.7089925827311867	3.9029768437127106
3.8351258334456375	1.7095958736807821	3.9043733104086558
3.8365797665713126	1.7101923576920655	3.9057690490598036
3.838024471791507	1.7107825991765244	3.9071705121870113
3.8394617091110623	1.7113715423739992	3.9085887947143774
3.8408964911823387	1.7119590896600005	3.910033431196609
3.842304043232927	1.7125328307412861	3.911476504331814
3.843694037722215	1.7130893412959758	3.912909305742214
3.845085630494551	1.713653970904655	3.914354666550002
3.8464442258301204	1.7142299722576242	3.915827575234572
3.8477781298028404	1.7148079568958992	3.917310557605265
3.8491106641397135	1.7153751361921676	3.918807100078954
3.850432892717153	1.715944904409483	3.9203042328752344
3.8517605942100195	1.716505060934943	3.9217760702833395
3.853066854804846	1.7170636069365237	3.9232314534795103
3.8543567001907593	1.7175916951649863	3.9247040734725673
3.8556285705217785	1.7181172477638278	3.926182982410142
3.856897613701009	1.718666449833283	3.9276616561123032
3.8581692694035055	1.7192056354243828	3.9291600168543326
3.8594339356477563	1.7197377332789223	3.930670520244093
3.860682136850766	1.720261254928742	3.9321922749454354
3.8619128950026846	1.7207762774892335	3.9337234804472363
3.8631355719320206	1.7212778111604077	3.935255239394497
3.8643557613828596	1.7217777944072155	3.9367841483599464
3.865593469653124	1.7222889586004926	3.9383217520021776
3.866848214163693	1.72280573618085	3.93986948987663
3.8681017269713367	1.7233252589947112	3.941447452375315
3.8693612106193047	1.723820378279686	3.943018242013433
3.87062972910634	1.7243027483277649	3.9445910286181696
3.8718955578705496	1.7247969420289702	3.9461724241686698
3.873161908527785	1.7252958718974845	3.947781270156731
3.8744339793670837	1.725783507852007	3.949406409987157
3.8757057400916732	1.726266039481356	3.951018728865982
3.8769899441078666	1.7267525782687398	3.9526406131190144
3.876898029927867	1.7249102907531708	3.953044909858749
3.8764323816455386	1.722486207039087	3.9531141278385085
3.875969595957043	1.7200496089293638	3.953190398099571
3.873779473171988	1.7196842779867068	3.9550759928811527
3.871579068731058	1.7193200346220365	3.9569488216024506
3.869382220555445	1.718915493172888	3.9588120466154777
3.8671988741906387	1.7184828542283541	3.9606512840060497
3.8650095745440516	1.7180291950124043	3.9624794755779367
3.8628146063015025	1.7175719200608717	3.964311170397215
3.8605888709857137	1.7171253873832515	3.9661152839005904
3.858362567587892	1.7166950509564807	3.9679064907360546
3.8561414465148642	1.716285543165411	3.969697492179955
3.8539267917533047	1.7158993125328132	3.971490578459665
3.851745076358049	1.715486200198968	3.9732535583326336
3.8495642541536452	1.7150633240192514	3.975018157804633
3.8473900481111967	1.7146397794520933	3.9767882364764953
3.845226760311354	1.7142324359407821	3.978570268087697
3.843065680476258	1.7138226921070867	3.980358842332369
3.840903015069859	1.7134109897965262	3.982146298420919
3.838744695240829	1.7129893360627166	3.9839406344054984
3.836576824681382	1.7125518442337837	3.985754113276159
3.834377485761949	1.7121267340244355	3.987564486428187
3.833421013082523	1.7127894254197156	3.985563168698471
3.832766414604741	1.7137474234429455	3.9826186388641456
3.8321197001775174	1.7147117625947534	3.9796647944453265
3.8314638305376674	1.7156742470448254	3.976714476784761
3.8307825428859528	1.7166538954521582	3.9737579556295577
3.8300816849163226	1.7176291288146543	3.970809986556605
3.8293782827336087	1.7186003042466722	3.9678580698249433
3.8286638928801087	1.7195597104495017	3.964892785507502
3.8279294045502423	1.7204872851464343	3.9619107405581104
3.8271665086486815	1.7213922772042276	3.9589451255076145
3.8263953403815787	1.7223021831702698	3.955986486268482
3.8256260520126153	1.7232231865284	3.953042044515302
3.8248545276436383	1.7241387379411726	3.9501014056842236
3.8240834793758065	1.7250406051330613	3.9471687771092934
3.823318410476284	1.7259532909008835	3.9442403850808367
3.8225406614670185	1.726848352039508	3.9413057075151867
3.8217632749401904	1.7277275668471255	3.938360339747979
3.8209858582379064	1.7286025461655512	3.9354133971848144
3.820199303793071	1.7294508500411225	3.9324752723063514
3.8194037674234793	1.7302852515196838	3.9295346209474897
3.818613510506122	1.7311026498144568	3.926594801603269
3.817839686220151	1.7318931164304634	3.9236708885034886
3.817064179923818	1.7327094423811307	3.920713884058591
3.8162935211725233	1.7335225818504314	3.917735974699288
3.8155229027552733	1.7343278436994225	3.9147605728669346
3.8147367514334687	1.7351345310752349	3.9117718848118272
3.813942528789007	1.7359331930409294	3.908765730519306
3.8131644600438066	1.7367199471227066	3.9057577024726275
3.812387814815125	1.7375015218697916	3.9027497783153073
3.811625960332895	1.7382397281664486	3.899751062309223
3.8108765002340745	1.7389333362612867	3.896758016448631
3.810123975716223	1.7396062244472064	3.8937709888714305
3.809369902057381	1.7402630054961834	3.8907873971899756
3.8086148059628613	1.7409248513812023	3.8878002260069
3.8078581633325936	1.7415976848685395	3.884813290206686
3.8071080431573225	1.7422544553876287	3.8818248809049543
3.806354334021758	1.7428848614900119	3.878838734642097
3.8056033738870862	1.7435134788646485	3.875845346182889
3.8048580846019835	1.7441570279588843	3.87282812785164
3.804114833424824	1.7447927931270908	3.8698092200557834
3.8033654986007877	1.7454075607036204	3.866796312354368
3.8026097689849117	1.7460071946033142	3.8637825675845563
3.801846519148154	1.7465929080991383	3.8607655375139283
3.801089846505869	1.747160124578251	3.85774196355881
3.800325923907749	1.7477046084711778	3.854689528718168
3.799566356353351	1.748261271625301	3.8516316117883944
3.7988208662430973	1.7488283392427475	3.8485955694779608
3.7980955221336767	1.74938963366768	3.8455619865950403
3.7973793816160444	1.7499369087178793	3.842526399426435
3.79667194727061	1.750468722714292	3.8394846594016805
3.7959575195713837	1.7509955673559405	3.836455610498637
3.7952321618044196	1.7515319409445842	3.833441913285194
3.7945166325072335	1.7520560920321655	3.830427710617515
3.79382223584895	1.7525646891200404	3.827421076860182
3.7931316543717575	1.75306316392754	3.8244132986284414
3.792450726671375	1.7535509781070138	3.8213930899213513
3.791766484216419	1.7540254670609035	3.818368427531346
3.791082813557466	1.7544937213079104	3.8153445909615775
3.79042199662189	1.7549374971652865	3.8123025029342164
3.789754092363656	1.7553524061142503	3.809273378725586
3.7890737196099273	1.7557505131329978	3.8062815908117646
3.7884004508219147	1.7561515801399985	3.8032884763550707
3.787709972217288	1.7565656209828473	3.8002559308843358
3.7870388313819747	1.7569641021720137	3.7972197760071507
3.7863976316187076	1.7573347900135743	3.794193926605867
3.785751751387904	1.757693642001316	3.791181338359001
3.785120517838953	1.7580225322677259	3.7881730716598834
3.784509009487601	1.7583281673327975	3.785180263419729
3.783902933098774	1.758628492484618	3.7821761088984
3.783310239793585	1.7589187901787677	3.7791644213667293
3.7827343584092668	1.759205666140641	3.7761472189855345
3.7821624603474064	1.7594849787630078	3.773129832427559
3.781594361581676	1.759757262756648	3.7701122466313914
3.7810269691620744	1.7600265476193024	3.767103022945201
3.7804657774254364	1.7602874935260684	3.7640709570239026
3.7799006990876904	1.7605426287537218	3.7609977895095086
3.7793326470894653	1.760752061497801	3.757919009071541
3.778772960915788	1.7609780416948282	3.7548611463730595
3.7782074166633084	1.7612064714470443	3.7517995787740905
3.777647791989961	1.761421530065048	3.748718619241049
3.777089235213857	1.7616356636164072	3.7456364600580083
3.776522786335499	1.7618526512907633	3.742559060216962
3.77597103080772	1.7620372374008724	3.739478699987071
3.7754097469240797	1.7622225491649106	3.7363717424800718
3.77484272982802	1.7624172076792748	3.7332535751376748
3.7742453098962128	1.7625885872989784	3.7301124313956886
3.773637475497245	1.7627680342515064	3.726949787146105
3.7730016876938253	1.7629368884177972	3.7237717542084656
3.772345814819423	1.7631125114081636	3.7205861165285365
3.77170801484393	1.7632789296594948	3.7174057741919926
3.771078200735504	1.7634377955596516	3.7142333483176837
3.770446968495856	1.7636011655547046	3.711053814343907
3.76982515099951	1.7637590583217133	3.7078580408902178
3.769210526394812	1.763918374245407	3.7046436309175945
3.768590073955565	1.7640873115601727	3.701422632969853
3.7679669278259476	1.7642658415500616	3.698196084202548
3.767338250714989	1.764465603042777	3.694967015353777
3.766705095206284	1.7646762358856554	3.691736434878151
3.766069994832575	1.7648970015311969	3.6885053147049587
3.7654209879742684	1.7651094680043187	3.6852647884366143
3.7647710846158366	1.76532797449786	3.6820063206335356
3.7641185258860874	1.7655588523693302	3.6787301973259416
3.7634546186217923	1.7658032929395409	3.6754344189930617
3.762770330853218	1.7660540860328986	3.672135750405943
3.762089797767212	1.7663129940953324	3.6688380737643644
3.76143152575095	1.7665855910096546	3.6655322000594617
3.7607704425375297	1.766861216784925	3.6622140113817423
3.7600833856581013	1.7671557243716474	3.6588858933578403
3.7594006591389233	1.7674545878077759	3.655559727238292
3.758715713101888	1.7677481245407267	3.652235758517782
3.758023704939618	1.7680364686704704	3.6489045944898515
3.757343213740932	1.7683230142002622	3.6455575451833964
3.7563947153479953	1.7688597086749933	3.6436236498323793
3.755271252106614	1.7695719403610608	3.6426238613400077
3.7541587331899597	1.770298132166944	3.641623840170705
3.753048679643615	1.7710276663930387	3.640621784978115
3.7519262996172684	1.7717380698050809	3.6396041214238966
3.7507816831159695	1.7724213682689542	3.6385620617854957
3.7496459720434534	1.7731027669089918	3.6375155108571082
3.7485181908042353	1.7737885727257947	3.6364829295563306
3.747394613008888	1.774457371396553	3.635455003143136
3.746263464135149	1.7751179773059722	3.6344362882525156
3.745166662635181	1.775783543451143	3.6334168097705533
3.744080915838156	1.7764413898061515	3.6324023018053984
3.743005544552392	1.7770813266589751	3.6314027762834074
3.741920851861428	1.777716448504246	3.630388398828681
3.7408337587458957	1.7783456260375692	3.629367063003195
3.739775316517544	1.7789476217525428	3.6283886782451935
3.7387414885879786	1.7795303473466964	3.627433044014354
3.7377124885569466	1.7801078822968084	3.6264768111882173
3.7366931772214174	1.7806858214056043	3.625539771232171
3.735683939865727	1.781256349410302	3.624607692674774
3.7346807133394315	1.7818186237339453	3.623677800102658
3.7337056424218464	1.7823858995873278	3.622759668902855
3.7327540956022904	1.7829492661605597	3.6218353443889213
3.731813314801528	1.7835013762886285	3.6209246764284377
3.7308829603483096	1.7840346401365879	3.620024525528415
3.7299693106353087	1.784562216534038	3.619115260551201
3.7290708240678043	1.7850856117546148	3.6182033080508607
3.7281658883905666	1.7856165230805534	3.617295819277934
3.7272638229590824	1.7861386030323687	3.6163962906400897
3.7263765906855713	1.786640725353745	3.6155041319179455
3.7254997426177745	1.7871342199371716	3.614616103510918
3.7246415133118838	1.7876105249158438	3.6137390439922368
3.723742868696714	1.7883504363859914	3.613090731233277
3.7227841981282426	1.789485370279776	3.612778664808483
3.721862043003625	1.790625920146184	3.612451776854308
3.720975636596233	1.7917674954069238	3.6121409021483983
3.720101742660728	1.7929157296149782	3.61184428370099
3.7192007474209676	1.7940732459371866	3.6115538982140163
3.718298781177768	1.795232128580916	3.611257697746971
3.717385067728569	1.7963717991224408	3.610968031222126
3.7164567378602684	1.7975059433420233	3.610676412946184
3.7155252181244895	1.798632715425865	3.6103856863712434
3.7146192194404826	1.799751120905738	3.610078055125852
3.7137120925186733	1.8008313109136944	3.6097702215921377
3.7128022338982696	1.8019023228303417	3.609473166784085
3.711880386907256	1.802980039231954	3.6091808053840664
3.7109751359889076	1.8040552324586228	3.608900324935763
3.710089644773956	1.805122868901856	3.608638342025158
3.709219113695515	1.806169498689514	3.6083703294841487
3.708352526522791	1.8071898611696422	3.608118286494988
3.7074833122055555	1.808193707495809	3.6078631745946916
3.706630225775027	1.809184624036471	3.607626835314682
3.705804326549863	1.81017954940453	3.607388408198338
3.704979955763273	1.8111679644732015	3.607153471083422
3.704167746885058	1.8121536468401682	3.6069366517297694
3.703351637563334	1.8131686318275593	3.606710199588079
3.702533519626547	1.8141978018847735	3.606483682506633
3.7017143844768143	1.815237549248103	3.60625701954207
3.7009197883168063	1.8162947771842768	3.6060387292011717
3.700137081133212	1.8173661641107728	3.605814635493701
3.6993707823162314	1.8184097582473246	3.605594954921138
3.698612001574541	1.8194453465952751	3.6053839968187127
3.6978601922696077	1.8204704393989712	3.6051846041221802
3.6971199231005096	1.821504706105739	3.604973950682875
3.696389912678155	1.822534788549917	3.6047643653708485
3.695666008655292	1.8235791225465474	3.6045771081354685
3.6949540156816734	1.824631332342076	3.604403385794707
3.6942589685780773	1.8256856186650918	3.6042409937943582
3.693594526501783	1.8267067354226465	3.6040765124145278
3.6929359799634187	1.8277253833369558	3.6039179798405376
3.692278024398412	1.828737584580152	3.6037853928585832
3.6916302623123443	1.8297330797349465	3.603646039165761
3.6909903145438863	1.8307258614298274	3.6035106334506857
3.6903598406986715	1.831704931795201	3.603400379708306
3.6897344781836456	1.8326673586706073	3.6033077721325504
3.689118142118786	1.8336249956825745	3.6032215267765673
3.6885025438785437	1.834547163719272	3.6031398350978217
3.6878691229133373	1.8354953895460822	3.6030852022526094
3.687235421370568	1.8364455204424084	3.6030345430068347
3.6866086166758025	1.8373997840554723	3.6030008610490962
3.6859981888177824	1.838349238311948	3.602981387731027
3.6853970222136887	1.839279224292043	3.6029721609613397
3.684801260429464	1.8402118640046943	3.60296631218109
3.684205101114306	1.841134730005977	3.602972122237425
3.683594537600615	1.8420337831651123	3.602980245272796
3.682998250170194	1.8429219825335963	3.6029735134133207
3.6824136108308703	1.8438071278839738	3.6029829703056953
3.681820570221561	1.844699380471456	3.6029930424628094
3.6812548250450954	1.845594566945626	3.6030124921267856
3.6807030307697355	1.8464723849496123	3.603037245721321
3.680160309290129	1.8473096818123722	3.6030660209301573
3.6796265908585255	1.8481332385807794	3.6030892173794307
3.679072593189248	1.8489316184907523	3.603114723776954
3.678524861605459	1.849712693194623	3.6031340903421465
3.6779787155684245	1.8504840274031598	3.6031619727022695
3.6774317735492597	1.8512414155046004	3.603201623717561
3.6768909406996166	1.8519883640599593	3.603256805379697
3.6763641932676783	1.8527194384378518	3.603320629853052
3.675846260006997	1.8534459838941306	3.603396162921008
3.675325627435547	1.8541736728342193	3.6034833601000096
3.6747887836667674	1.854891531124918	3.6035911031081294
3.674252297957478	1.8556082013728654	3.603717706507556
3.673723534041967	1.85632023831408	3.6038617327566724
3.673214768485127	1.8570173852592395	3.603989031420066
3.6727075239380533	1.8577068419489968	3.604109801289172
3.672177358827728	1.8583863344857006	3.6042549946017384
3.671652672937154	1.8590648968565713	3.6044017832565887
3.671145586918454	1.8597299774726321	3.604555625575802
3.670643188267085	1.8603601332845507	3.604720861707236
3.6701487433373203	1.8609546734023166	3.6048982017364897
3.669653986402678	1.8615306291981966	3.6051136829380064
3.669179045811647	1.8620880383046985	3.605330049763217
3.668732809811522	1.8626484435772104	3.605542334497129
3.6682862309260034	1.8632107612627191	3.6057857897404584
3.6678003654166593	1.863745479543755	3.606021096499133
3.667315297730084	1.8642499185398662	3.6062789020973938
3.6668392377172507	1.8647418042720314	3.6065255070627074
3.6663654888005057	1.8652206643243243	3.6067730659843718
3.665861431888149	1.8656709205431146	3.607020423858634
3.66534528784123	1.8661349319370626	3.607286219898989
3.66484757444725	1.8665997330418993	3.6075667399145415
3.664355918241003	1.8670768631403611	3.60786296016202
3.6638590467109378	1.8675429616850305	3.60818083388713
3.663376874253453	1.8680066478352293	3.6085044169118174
3.662916504050299	1.8684752801097295	3.608833512423754
3.6624741540282177	1.8689685404971068	3.609164955043955
3.6620243581351755	1.869461784044277	3.609492041507904
3.661588491754718	1.8699483640989143	3.609812043074716
3.6611396137976615	1.8704446939018304	3.610134908441563
3.6606872215164716	1.870941961324103	3.6104551563861533
3.6602149462715565	1.8714386157606762	3.6107869956982745
3.6597579160535103	1.8719328479094957	3.611123753185832
3.6593204741086827	1.8724284549944112	3.6114696720327526
3.658882404059432	1.872928799465029	3.6118047894367034
3.65845125556428	1.8734373124580863	3.612129539476224
3.6579732603241437	1.8739544694493397	3.6124671619510234
3.657498383904073	1.8744651877092808	3.61280119533151
3.657043455440239	1.8749582622015664	3.613126222654629
3.6565977385251616	1.8754657719898378	3.6134511741831115
3.656171132673235	1.8759945203834927	3.6137915724849856
3.6557630040788576	1.8765165608777974	3.614132050338511
3.655370787502435	1.8770247014345347	3.6144534030465176
3.654985467975151	1.8775293658529273	3.6147734182896656
3.6546339109878896	1.8780117270650054	3.615114340463453
3.654294047069894	1.8784919870416565	3.6154527735354254
3.654002538418136	1.8789696385183552	3.6157592168693844
3.6537236624355747	1.8794509984977374	3.61606196782709
3.653486162910898	1.8799295841865777	3.616332132341
3.6532550031038493	1.880432352420082	3.6165969191626592
3.65301249820912	1.8809022894788456	3.6168407192123286
3.6527501588664477	1.8813563504504915	3.61709347495886
3.652497043826913	1.8817874312986052	3.6173418986008308
3.6522476212074557	1.8822162737924417	3.6175901907375203
3.651995941663154	1.8826578865733077	3.6178252290904895
3.6517324770494355	1.8830896491058875	3.618056552336867
3.6514709063377313	1.8835041813976499	3.618286894827144
3.651212221363628	1.883931223835604	3.618523162330772
3.650948511625044	1.8843519420655377	3.6187691125022314
3.6506920343192784	1.884769451669531	3.6190190657595087
3.650431408444861	1.885170600930076	3.619257819350569
3.650192909334407	1.885559236794593	3.619477688699165
3.6499628198211957	1.8859442676706202	3.6196932222172684
3.649721043098927	1.886313113053412	3.619919280724418
3.649488982534262	1.8866668363013062	3.6201528176220026
3.6492469040579976	1.8870293484052165	3.620380151932122
3.648996566788141	1.887398634503626	3.620597846596052
3.6487265436890675	1.8877559727124287	3.620824564915804
3.648450589607723	1.8881106167302892	3.6210932904443056
3.64817610114841	1.888460321091607	3.6213699521542604
3.6478992283382485	1.8887742565497638	3.621651462728426
3.6476547764546257	1.8890694275850632	3.6219393004710687
3.6474221685857238	1.88936611542087	3.622262992527998
3.6471838864675488	1.8896622407851766	3.62259157489761
3.646944950562505	1.8899621501769461	3.6229145835116694
3.6467066557513617	1.8902768750514607	3.6232335688393538
3.6464789328327405	1.890596566415509	3.623541873336165
3.6462725625664163	1.8908895797862868	3.623819896856171
3.6460545904033634	1.8911632699129204	3.624126263684457
3.6458368188053094	1.8914359725172598	3.6244274263675695
3.644122627908444	1.8927867684928885	3.6248187354955292
3.640163171465488	1.895711743616524	3.6253342753758786
3.6362125867118693	1.8986151071431254	3.6258389848437953
3.63227313730058	1.9015049416971217	3.6263387716057807
3.628320177244397	1.9043935132662202	3.6268333236772734
3.62438704975767	1.907270044258084	3.627334991921108
3.620466804203443	1.910162286091798	3.627852637879642
3.6165370107161388	1.9130323641549656	3.628363251306769
3.6126059068676346	1.9159163109194919	3.628866387163562
3.60867639396755	1.9188218693294452	3.629355623108684
3.6047495520069797	1.9217158371709644	3.6298315757620676
3.600830520111674	1.9246026502402114	3.6302810227027282
3.5968969530687773	1.9274977959856543	3.6306951126268796
3.5929580151598586	1.9303930179433768	3.6311012986286686
3.589014529143275	1.9332901173169132	3.6314921980316965
3.585072255257498	1.9361799392011383	3.6318844728309343
3.5811058770887505	1.939059629185715	3.6322767407241585
3.577139728397383	1.9419363381538304	3.63266286054511
3.573153290845227	1.9448233020628218	3.6330423328904766
3.5691998857698457	1.9477340098416587	3.633449992413354
3.5652468854137247	1.9506448193986146	3.6338574409125433
3.561298075496741	1.953552849742826	3.6342635885475536
3.5573571356314986	1.9564560434035183	3.63466646008104
3.5534030097491183	1.959345938481455	3.6350907581359233
3.5494497034092487	1.962257554339147	3.635504455944275
3.5454960542509215	1.9651719574309012	3.6359090726096803
3.5415600375147687	1.968113450614088	3.6363375435825787
3.5376397715937937	1.9710718598322647	3.636758779481586
3.5337074481512825	1.9740309191399221	3.6371960285100178
3.529766965105785	1.976974374576808	3.637628378453926
3.5258301220605466	1.979920260437805	3.638054224469743
3.5218915556394883	1.982876673260405	3.638481747711238
3.5179569413867617	1.9858316610767148	3.638910670646925
3.5150684008792394	1.986371060422508	3.6393640180650046
3.5137781768563947	1.9833259063256614	3.639848900553551
3.5125287330759964	1.9802849808897642	3.640324988966171
3.5112749997587467	1.9772472593648793	3.6407956332384774
3.5100251876129236	1.9742054755865175	3.641267186093669
3.5087819702690126	1.9711624839169302	3.641729404867938
3.5075289820010918	1.9681281895078213	3.6421819907015416
3.5062707574350953	1.9651374237074501	3.6426320038909545
3.5050303395749003	1.962155548822323	3.6430811407643295
3.5037684837925704	1.9591792869540214	3.643521231888931
3.5025026200766316	1.956202655825577	3.6439512387328876
3.501212560359472	1.9532262117518355	3.6443523093191694
3.4999225439165333	1.9502442971457346	3.644754069787776
3.498629581902221	1.9472625430842334	3.6451398361532674
3.497342484699926	1.9443156674759685	3.645504529242157
3.4970746010827485	1.9453954965609206	3.646708348218092
3.496799689486248	1.9464619818640698	3.6479175916664084
3.4965086152969214	1.9475309213623906	3.649123054619989
3.4962128539415516	1.9486078553936867	3.650329413636125
3.495912677587181	1.9496915529931198	3.651527557713971
3.4956082012720393	1.9507816439343006	3.6527187694277647
3.495293201244521	1.9518799792134254	3.653914395072515
3.4949825938074954	1.9529911657962458	3.65511258077869
3.4946859456060855	1.954107320927969	3.6563370716134767
3.4943868578446464	1.9552115726324117	3.6575655919499352
3.4940530265879612	1.956312361901079	3.658801792918648
3.4937456210823	1.9574044831192319	3.6600245045066773
3.4934386785128377	1.9585215383795298	3.661242805965159
3.493125523610327	1.9596397549926894	3.662461211745436
3.492786167817548	1.960771022085503	3.663684191275902
3.4924355980308937	1.9619101560074863	3.6649097144521625
3.49211088172305	1.9630626319914541	3.6661560957700114
3.4917861820985636	1.9642153669277647	3.667402169591154
3.4914600712361348	1.9653642396849258	3.6686465374812744
3.4911399463015984	1.966511958911698	3.6698604340506704
3.490816331053993	1.9676715496383486	3.6710708986149094
3.4904939197565694	1.968821806854708	3.6722805751645
3.4901758796353572	1.9699573423740107	3.6734710425917854
3.4898515392498553	1.9711086292491873	3.674651001849219
3.4895399811230083	1.9722821638612846	3.675796365716676
3.489218295327534	1.9734714593584595	3.6769270202070525
3.48887736161278	1.974676637861827	3.678087952750924
3.4885453576205667	1.975903575839133	3.6792467250302154
3.4882078427701506	1.9771317115335962	3.6804022749540897
3.487856332895113	1.978365210721163	3.681552127303949
3.48750045646038	1.9796016738634528	3.682691420170787
3.487151477208633	1.9808418386439084	3.683823660082588
3.486794056847336	1.982080663029421	3.6849326313976856
3.4864273722198917	1.9833285116371027	3.686032448817801
3.486054507611953	1.9845685714582357	3.687127788609432
3.4856869148383582	1.9857966490834644	3.6882193619341086
3.4853174144888945	1.9870126116936615	3.6893105777331527
3.4849624548764306	1.988213746349245	3.6903961368091296
3.4846084699119184	1.9894000318166927	3.691466245906438
3.48425355850069	1.9905766169067145	3.6925348030055956
3.4839014059724773	1.9917320883199507	3.693592477433035
3.4835454229501814	1.9928859898782665	3.694661160861207
3.483172993347302	1.9940455942048632	3.6957218076356457
3.482775307631557	1.9952072395026514	3.696757141122217
3.482356956625134	1.9963555300762823	3.69778577011854
3.481913423659859	1.997491478518854	3.6988561591475424
3.4814812360059277	1.9986353491700668	3.6999388006510707
3.4810545365640335	1.9997789796773673	3.7010192875529353
3.4806242826367333	2.000920891786994	3.702099360002319
3.4801931594315265	2.0020775202749657	3.703191120878356
3.4797626478285104	2.0032251993789365	3.7043125432426063
3.479355952290558	2.004367685214711	3.705489222229141
3.478960000306334	2.005530612247162	3.7066631701171917
3.4785579108453004	2.0067156313947225	3.7078373769636195
3.4781518242186666	2.007904816781723	3.7090079097846678
3.477747262860142	2.0090952161230624	3.7101836544388656
3.477333806468276	2.0102918031217514	3.7113728684031337
3.4769119634580736	2.0114840081899823	3.712546790630012
3.4764815712629313	2.0126627146261975	3.713694480173023
3.4760492110668895	2.0138859811722924	3.7148344700269087
3.475616102183721	2.0150989839946902	3.7159699038240848
3.4751864921865927	2.016286567340014	3.7171052760968304
3.4747710354430135	2.017516868905018	3.718241590292711
3.4743552064982905	2.0187590087216085	3.719374094789019
3.473945619532703	2.01999891506445	3.7205038281593787
3.4735349187007216	2.021226784088802	3.7216440203550802
3.4731379504769704	2.022446641336426	3.722782986177542
3.472733279541647	2.023657444490142	3.723911613655152
3.4723118799021297	2.0248645304865347	3.7250402416174233
3.471893096915847	2.02608515540493	3.726133376198649
3.47146646232929	2.027319881431685	3.7272023951953033
3.4710375813537815	2.0285464476763435	3.7282899715882354
