0.1668103869881188	1.875710104164833	0.6544222452752209
0.16603384596058676	1.8745719799404184	0.6533229303829068
0.1652559519903275	1.8734165031302685	0.6522393882125408
0.16446213551842995	1.872233037692402	0.6511656475095212
0.1636563303470261	1.8710198614834952	0.6500943935110176
0.16283680023994257	1.8697832368323757	0.6490184193347818
0.1620082805296904	1.8685342198446804	0.6479459449500968
0.1611846151624084	1.8672834223078427	0.6468785691562132
0.1603699725887449	1.8660376405160388	0.6458182381665434
0.15954394551526185	1.8647755430427726	0.6447382732313597
0.15870790185058808	1.8635453484959847	0.6436594948399154
0.157871238952225	1.8623278210781793	0.6425834224424075
0.15702836030997266	1.8611104193608625	0.6415108321886145
0.156179066687954	1.8598947223664466	0.6404419654910788
0.15532626260609864	1.8586867647764416	0.6393849072256269
0.1544855954499308	1.8574856517614153	0.6383471636298073
0.15364297835650095	1.8563010432240938	0.6373331962497192
0.1527659672777374	1.8550706462285451	0.6363388913715791
0.15186362675929158	1.8538312809527453	0.635351659152387
0.150954379193183	1.852597363237774	0.6343628324283305
0.15004970140930768	1.8513698918662156	0.6333594898650501
0.15004970140930768	1.8513698918662156	0.6333594898650501
0.1491391156663649	1.8501481814930236	0.6323586245571846
0.14822073087434756	1.8489558406937305	0.6313549980186001
0.14730198355952967	1.8477438337399834	0.6303581841332445
0.14635482141966236	1.846525518786672	0.6293704134421342
0.14538250610492198	1.845311027535915	0.6284197147869635
0.14440763519142932	1.8440989730436474	0.6274846681982333
0.14342562456634325	1.842897670448023	0.6265735990297526
0.14243744577420028	1.841751132262788	0.6256517508199202
0.14144486143737708	1.8406097316292493	0.6247123598928784
0.14045562303761736	1.839451346505765	0.6237695953133804
0.13947871217403376	1.838298002519998	0.6228259828950821
0.1384936058602744	1.8371407695411217	0.6218721604327838
0.13749963528479367	1.835991137999613	0.6209154036049662
0.13650352195495113	1.834853182123781	0.619974869013024
0.1355021137264114	1.8337227225540405	0.6190523803641235
0.13449572202457397	1.8326052299179372	0.6181344265660451
0.13348997051358666	1.8314860385833527	0.6172331811671228
0.13251063552383538	1.8303822083944845	0.6163027087536096
0.13152650005454986	1.829282384339766	0.6153773962508643
0.13053786744860318	1.8281895993657016	0.6144568602882265
0.13053786744860318	1.8281895993657016	0.6144568602882265
0.1295499250547348	1.8271092851828963	0.6135419705419377
0.1285574169433751	1.8260545880263195	0.6126221748655623
0.1275713111013447	1.8250372735860896	0.6116891151133508
0.1265822796364124	1.8239902742957481	0.6107734881880351
0.12560003728702596	1.822947976984048	0.609844096320876
0.1246246321823835	1.8219144563627019	0.6089021534874903
0.12164907867383731	1.8223511350071557	0.6095052439952765
0.1181537826881892	1.8231616396094317	0.6104877164032773
0.1146445428948568	1.823985113800518	0.6114931155153747
0.1111373494562938	1.8248104735140198	0.6125012025905818
0.10763355338665904	1.8256403641252883	0.6135075631269152
0.10412821095318403	1.82648176149148	0.614510492103559
0.10063197651180156	1.827317776127605	0.6155030616383536
0.09713909871972776	1.8281733022769107	0.6164728445202527
0.09361748144795921	1.8290094855568897	0.617407342234084
0.0900865638113572	1.8298635312512634	0.6183455688251972
0.08650571532208022	1.830708054976524	0.6192761546225592
0.08289372526934087	1.8315681261210799	0.6202089094132492
0.0792827098440473	1.8324638910414464	0.6211407267793879
0.07568702597123945	1.8333791724553983	0.6220764817485245
0.07568702597123945	1.8333791724553983	0.6220764817485245
0.0720906704281788	1.8343117395098498	0.6230443183537361
0.06848147242411966	1.8352641841336772	0.6240283189519498
0.06487042779315791	1.836241209396129	0.6250148569661742
0.06125687969272458	1.8372340190396772	0.6260047594992187
0.05763101994801039	1.8382360435621896	0.627028574478298
0.053997969861384436	1.8392509979426628	0.6280706399214414
0.05034844293228169	1.8402763426652773	0.6291079772848972
0.04666957532180448	1.841321011685479	0.6301811620018186
0.042936592465889774	1.842387085543732	0.6312482399075462
0.03919755325812786	1.8434707612055141	0.6323195456752074
0.03545720530217781	1.844574867084063	0.6333975515338951
0.03173374966327824	1.8457184274389133	0.6345051671920845
0.028007694201694078	1.8468769934667817	0.635617246762347
0.024288260514558572	1.848060086210951	0.6367366112818768
0.020575613290730918	1.849253682341226	0.6378582439018323
0.01687076939705202	1.8504754739403375	0.6389783218982509
0.0131723390784646	1.8517257608049313	0.6400963128872019
0.009469310818440053	1.8529812176108702	0.6412184069710508
0.005777046304413528	1.8542462074764738	0.6423227025400906
0.0021052878107586143	1.8555053736911946	0.6434129059272405
0.0021052878107586143	1.8555053736911946	0.6434129059272405
3.9984741758656757	1.8567506104228575	0.6445061896028041
3.9948812484290035	1.857970307534537	0.6455814069284689
3.9913315311277913	1.8591948195326702	0.6466268515418748
3.9878179718698625	1.8604239771916469	0.6476523717474537
3.984337124197039	1.8616513256022116	0.6486632534141272
3.980921431519911	1.862909770043759	0.6496440099402555
3.97756648692883	1.8641874968132188	0.6505718973875642
3.9742883837128873	1.8654985499299062	0.6514583082338811
3.9710994993858804	1.8668263046912277	0.6523106565241638
3.9680047985124665	1.8681732938808955	0.6531127134150118
3.965011366852262	1.869547863270489	0.6538621019775939
3.962134716813015	1.870965396660228	0.6545484704874711
3.9593787319979072	1.87240780954116	0.6551721924072423
3.9567397914035793	1.873875700092068	0.6557266249267185
3.9542104413988604	1.8753749893521836	0.6561961702885224
3.9517879536354634	1.8768957738112069	0.6565868271168044
3.949467250481072	1.8784698337631647	0.6569092309039382
3.9472589451487563	1.8800865986479254	0.6571767734421745
3.945153179236414	1.8817322419336566	0.6573921798495741
3.943134757140268	1.8834016528263657	0.6575672608990368
3.9412324346676217	1.885101390024053	0.6576981715042819
3.9394180954171967	1.8868417191427476	0.6577697083202645
3.9376513464615712	1.888585011583081	0.6577871966961286
3.9359540887223914	1.890355091490877	0.657757990655584
3.9343044359628925	1.8921532655586235	0.65769592102977
3.932681875997477	1.893985753966683	0.6576614282461871
3.9310929120698543	1.8958431818036203	0.6576249165267203
3.9295472063564767	1.897727368809756	0.6575650706661442
3.9280501820996196	1.8996423438058279	0.657525920818869
3.926184608728572	1.9007589254338857	0.6569505582220294
3.9237648505570677	1.9006800068406502	0.6555501554573866
3.921359251459893	1.90062799215207	0.6541578865547995
3.9189451085814198	1.9005833730825568	0.6527648971702074
3.9165374524210512	1.900552617257005	0.6513584607154477
3.9141586841377203	1.9005213458404846	0.6499662499814574
3.9117962058394222	1.9005153888969355	0.6485841264490912
3.9094492199496282	1.9005215348877367	0.6471992353798037
3.9071133606530717	1.9005344502735644	0.6458310835046243
3.9047885623366003	1.9005642648681988	0.6444822151140764
3.9024625830949016	1.9006060846451032	0.6431407257179151
3.900134447731401	1.9006443643658417	0.6418042084897636
3.8978041009282207	1.9006808142883502	0.6404853565391134
3.8954757662279964	1.9007085696084782	0.6391835194901673
3.8931496342618757	1.900729130680835	0.6378904078968811
3.89082310052834	1.900753904245546	0.6366338511948918
3.8884921038907643	1.9007845392624785	0.6354240559300918
3.8861741581603115	1.9008163262851439	0.6342375601906574
3.8838597653399654	1.900855043907589	0.6330924900892634
3.8815430505650026	1.9008928370542149	0.6319936556174759
3.8792190830782287	1.9009383056577125	0.6309334340793575
3.8769173507717096	1.9009837193946058	0.6299320501996443
3.874631556546564	1.90103712254827	0.6289967793824781
3.872342422113784	1.9010946345836306	0.6281447142920819
3.870044605662446	1.901156526465192	0.6274058028072769
3.86774973168	1.901208802253912	0.6267755943368591
3.8654412891156467	1.901273206018311	0.6262605350878939
3.863104762467268	1.9013491349883895	0.6258592179736854
3.860738987589209	1.901431346881554	0.6255667441529357
3.8583537525531444	1.9015150953503097	0.6254058923994849
3.8559265369907125	1.9016210221817251	0.6253773922539548
3.853452275673074	1.901740272820278	0.6254626478906676
3.8509613175824455	1.9018462110644399	0.6256596372009419
3.8484448954922184	1.9019603959470164	0.6259723940146316
3.8459132180017197	1.9020905532800496	0.626384517254356
3.8433734830750583	1.9022316790661953	0.6269123520150605
3.8407969706950524	1.9023641428925235	0.6275367802273842
3.8381887871295337	1.902488263821185	0.6282269368102873
3.835581586039921	1.902599338642379	0.6289738456222728
3.832962830436919	1.902710460994822	0.6297622948356377
3.8303290895753928	1.902819470362829	0.6305855292951038
3.8277160484627095	1.902934233045238	0.6313999134108376
3.8250769511946987	1.903037072996906	0.632252793394869
3.8224155463561145	1.9031354461487318	0.6331518163176819
3.8197257195702305	1.9032400186048584	0.6341153583523493
3.8169935410992064	1.9033309067846058	0.6351297733873783
3.8142340311231773	1.9034392584042183	0.6361987107455614
3.811460804824414	1.90353864817581	0.6373227120483141
3.8086820040860365	1.9036286491520666	0.6385037561600292
3.8058934030560065	1.903695884440768	0.639750251784992
3.803113201188033	1.903747032803179	0.6410509303163398
3.8003474851604144	1.903844750083144	0.6424301172827038
3.797556386952371	1.9039352324311798	0.6438776583779918
3.79472825540617	1.9039862976634991	0.6453956911220248
3.7918688852228017	1.904021545644272	0.646974688324149
3.788972196743955	1.9040616071832934	0.6486281987796607
3.786045252094379	1.9041096059162776	0.6503506892305422
3.783079435480478	1.9041755722817473	0.6521048430565394
3.7801080791400845	1.9042511495687542	0.6538941333193412
3.7771175864321807	1.9043600169333184	0.6557208064962322
3.7741047350718695	1.9044915031123493	0.6575906088248238
3.7710926737257644	1.9046319062415389	0.6594696261297694
3.7680815258632276	1.9048107850265656	0.661360081189434
3.765102947692062	1.9050514825586777	0.6632434213077155
3.7621635301054352	1.905356349136771	0.6651065531934988
3.7592849205266585	1.9057402183783052	0.666916072739757
3.756467735157226	1.9062325283539645	0.6686635303435626
3.753736333278363	1.9068395779956966	0.6703236368985567
3.7511411136209682	1.9076320190815879	0.6718512486127166
3.748707834868374	1.9086286511828727	0.6732273071057094
3.746428699241725	1.9098522623783079	0.6744373840460032
3.7443198331542433	1.911326162948559	0.6754599441672559
3.7424005151777218	1.9130566489440106	0.6763086731734563
3.7406720225036163	1.9150308550391062	0.676977330343032
3.73911275599204	1.9172492721448695	0.6774805235328675
3.737691292891134	1.919691852644219	0.6778190536478895
3.7363929815983656	1.9223333115443275	0.6780267924641956
3.7351873756990086	1.9251428251997995	0.6781204760929944
3.7340611484148667	1.9280835912527976	0.6781166651822397
3.7330203492380343	1.9311641025159263	0.6780486085986751
3.7320442241397473	1.9343558655851893	0.677953986377514
3.731121505871728	1.9376313272025294	0.6778355559407416
3.7302710252484346	1.940960440533662	0.6777084710647089
3.7294471933966604	1.9443380639770889	0.6775689186431867
3.72863374880708	1.9477469621322305	0.6774321828807612
3.727822455992386	1.9511805982554244	0.67731115511903
3.72699033407929	1.9546326744398075	0.6772109735848121
3.726153939203699	1.9581015733878695	0.6771282965508703
3.7253210316462115	1.9616008949710735	0.6770676295466784
3.724471618809566	1.9651101298178784	0.6770154390670822
3.7236265428138813	1.9686257518039936	0.6769722071061471
3.722783838442898	1.9721388323425466	0.6769448837503693
3.7219460352487745	1.9756591460286317	0.6769449678373153
3.7211015599575834	1.9791761703760573	0.6769578501700925
3.720240953861296	1.9826792229393122	0.6769920936330823
3.7193879551887123	1.9861781633580224	0.677038852213934
3.7185324505178676	1.989671633195202	0.677091008674684
3.717681048585832	1.993156193906502	0.677131962897525
3.716833306313536	1.9966139185570486	0.6771797195067252
3.715999695743626	2.0000714728742834	0.6772268827229748
3.71517902747009	2.0035406155849387	0.6772781377067435
3.7143561102633913	2.0070421954549063	0.6773147092295662
3.713553700826927	2.010582175786793	0.6773574856797302
3.712754095720386	2.0141385274944636	0.677412031520936
3.71269184640327	2.0167906750201823	0.677112965976123
3.715537469010991	2.015863389211979	0.675430849344809
3.7183909124169334	2.0149241656987926	0.6737481462397943
3.721939927144788	2.014262823304584	0.6728180076636738
3.725633410612555	2.013656525700595	0.6720958245604219
3.729332044070344	2.013042018416667	0.6713812489816297
3.733041412474941	2.012415748449781	0.670667450927125
3.736741837129723	2.0117775454976927	0.6699277842139196
3.7404635802871997	2.011168290684865	0.6691984803261897
3.7441868508676905	2.0105661982105447	0.6684854365038052
3.7479161937099676	2.0099694833127395	0.667780934238405
3.751671069117956	2.0093832748514635	0.6670825885253969
3.7554242312935595	2.0087977092987335	0.6663976211079051
3.7591577619308296	2.0082351678283934	0.6657122949641415
3.762872863398115	2.0076878894598127	0.66503098235457
3.7665908640749555	2.007162085006189	0.6643900705105774
3.7703134198803254	2.0066721809659955	0.6637953616127732
3.7740553392500003	2.0062134574515014	0.6632638490689667
3.777810901417478	2.005817967059939	0.6627770562673463
3.7815766708405545	2.0054865019986785	0.6623558465331006
3.785358737914	2.005232375487603	0.6620157906189984
3.789132899686532	2.005057694540337	0.6617627577501756
3.792901688909593	2.00497047335429	0.6615854722181307
3.7955177667863302	2.005169299894396	0.6615143488187376
3.7935352501864124	2.006302719791371	0.6615468482921784
3.791572282376312	2.007518255234516	0.6616798964819633
3.7930263155629547	2.0066774489624435	0.6621591415448672
3.7953626242854437	2.005378421391885	0.6628140125984813
3.797718835427425	2.0041451518671978	0.6635861307808064
3.8000976632348005	2.003005076812389	0.6644747413822599
3.8025040190257258	2.001953266807437	0.6654688932142122
3.804975209225722	2.000982219284932	0.6666040338545912
3.807463900520336	2.000095626393293	0.6678490381241193
3.809986820167051	1.999294419341957	0.6691977388548761
3.8125525093592705	1.9985805202497433	0.6706615129190118
3.8151397658816886	1.9979337676121922	0.6722053015616759
3.8177331652050133	1.9973498006562245	0.6738571187589074
3.820335807654774	1.996826175834256	0.6755873080655863
3.822948794157524	1.9963373070489032	0.6773524123100392
3.825591180237709	1.9959018716944819	0.6791756906272969
3.8282594711641575	1.995477535518228	0.6810407970115756
3.8309437368812325	1.9950749276697135	0.68293406992235
3.8336397126061557	1.9946824641695202	0.6848480264451635
3.8363517836168692	1.9942922152082228	0.6867826402607989
3.839074230875674	1.9938931964004911	0.6887381326027419
3.841815343875258	1.9935012800896579	0.6907172785786562
3.844572141186423	1.993118830263303	0.6927075234676966
3.847340593076007	1.9927662656564793	0.6946874819341388
3.850123863921148	1.9924573403833608	0.696680572505871
3.8529014332171356	1.9921368133786892	0.698670701667354
3.8556782243123577	1.9918103670540828	0.7006444511570344
3.858446405569448	1.9914519527057586	0.7026001267875842
3.8612103212874067	1.9910607336475221	0.7045391440347887
3.8639578271479667	1.990647234124485	0.7064304880214227
3.8666734101945965	1.9902032649796777	0.708266639709615
3.8693574275754616	1.9897256072789269	0.7100242130439736
3.871953000885786	1.9891838760351557	0.7116607437689257
3.8744060715562236	1.9885485135509762	0.7131269256353886
3.8766967443827207	1.9877737671321931	0.714347601234588
3.8787579214292354	1.9868297200735483	0.7152295316550501
3.880504991511419	1.9856464642063913	0.7156788434400609
3.881873625616833	1.9841524364482586	0.7155967988745635
3.8828128263680717	1.9823075718143008	0.7149051386546612
3.8833125330966984	1.9801119308948367	0.713586826325402
3.8834340682113186	1.977592662564033	0.711666609628988
3.88321341854186	1.9747850762076502	0.7092655576343891
3.882745554726929	1.9717633713665847	0.7064721317897422
3.882063818402465	1.968548127045862	0.7033965586047802
3.8812494104422033	1.9652026828216274	0.7001109057544873
3.8803702311891497	1.9618046778629517	0.6966923405092204
3.8794421958036702	1.9583653526669866	0.6931762487352191
3.87849846322197	1.9548684323181056	0.6896341032006641
3.8775094481070718	1.9513328081710561	0.686053276065528
3.8764636732565485	1.9477694457361168	0.6824751070853963
3.875378634699828	1.944199486103103	0.6789085542392379
3.8742992101963685	1.9406212768385245	0.6753462369069522
3.873198516276588	1.9370601322113772	0.6717851130279249
3.872090321749204	1.9335094081621602	0.6682184238808196
3.8709901390749715	1.9299603399071508	0.6646647069299182
3.8699000007108637	1.9264337603604553	0.6611450542055813
3.868858242088617	1.9229081418783946	0.6576737664240767
3.8678782671196794	1.919403020964329	0.6542722545397405
3.866957956834809	1.915944256922988	0.6509289367299088
3.866124517743802	1.9125420979134211	0.6476496461409051
3.865387096800167	1.9092295477408807	0.6444862060055612
3.864770960530048	1.9060227504289917	0.6414454296069954
3.8643236173745303	1.9029620221669543	0.6385899716169668
3.8640505603150377	1.9000369933206935	0.635953510747519
3.8639944060390947	1.8972938231519434	0.6335728042531417
3.8641881704318783	1.8947233391216622	0.6314398901325123
3.86463559274106	1.8923234848408013	0.6295813262144481
3.86535584115134	1.8900880926230457	0.6280129037000868
3.8663271281731997	1.8879906489782166	0.6267139807051724
3.8675318498505895	1.8860249746149012	0.6256668958336621
3.8689413783617694	1.8841673730182664	0.6248374909006182
3.87054392802563	1.882414105815722	0.6241504595761209
3.8722775323913776	1.8807236353628298	0.6236066537876056
3.874097425364404	1.8790934251150246	0.6231506030685001
3.8759894688214254	1.8774988095466845	0.6227823101128402
3.8779346834797894	1.8759283593525726	0.6224406302551804
3.879909954981293	1.874392542631204	0.6221548001193857
3.881915999984221	1.8728582048956601	0.6219085881577248
3.8839329339070776	1.8713195566241831	0.6216924566457005
3.885965911443904	1.869784150446249	0.6214935273107157
3.888010035502767	1.868251125762931	0.6213039494114756
3.890053884510016	1.8667262006445076	0.6211264287980061
3.892092915066468	1.8652041743828363	0.6209616486038655
3.8941310256534787	1.8636947025124293	0.6207834342125299
3.896189522607889	1.8621886376943495	0.620594747185285
3.8982827382434735	1.8606804305205247	0.6204064375937499
3.900374658010033	1.859172014981081	0.6202107839645017
3.9024650005062687	1.8576604094584297	0.6200250791823558
3.9045307985452244	1.8561279346645527	0.6198337713588618
3.906602747624245	1.8545867457747245	0.6196581090565585
3.9086737662221647	1.853057027329617	0.6194699498346979
3.9107488216584128	1.8515346424845773	0.6192798026510692
3.91281236917704	1.8500201996574606	0.6191016109372491
3.914881141032251	1.8485047439589897	0.6189276946493072
3.9169518118156406	1.8469890588647078	0.6187672921693859
3.919029356938727	1.8454700058012592	0.6185921185749989
3.921114882620666	1.8439484013993557	0.6184048870439842
3.923232200262722	1.8424224971054095	0.6182099863954094
3.925356056152412	1.8408893460211817	0.6180250511301069
3.927467120630001	1.839341400578956	0.6178296014497678
3.9295856237015276	1.8378061520473747	0.6176164149601839
3.9317192281928106	1.8362808422588868	0.6173957932070693
3.93386906983351	1.8347500988139416	0.6171663765006065
3.9360385574844554	1.83324213556385	0.6169233890529285
3.938216181027044	1.8317462206850268	0.6166586531183984
3.9404056118412876	1.8302589539761824	0.6163872596030036
3.9426537144195173	1.8287335732540824	0.6161402383099306
3.9449329800673296	1.827211453840452	0.6159010368406025
3.9472444833397833	1.8256935177828384	0.6156569843813829
3.949565268787119	1.8241694520073055	0.6153948498078314
3.951891401851386	1.8226510213960032	0.615125428695108
3.9542208863591988	1.8211391316801846	0.6148472445009686
3.9565665414888147	1.819640550314825	0.6145624331548877
3.9589153128916035	1.8181613953451685	0.6142531313131264
3.9612786939191356	1.816694261169528	0.6139407295644121
3.9636557599519517	1.8152463917050599	0.6136199526850584
3.9660606787069055	1.8137842405837084	0.613298614550615
3.968501254306074	1.812308344481755	0.6130042954023686
3.970967442821494	1.8108610708640152	0.6127357196434281
3.9734472712037516	1.809424424231265	0.6124913701839526
3.975947037127799	1.8080099300108836	0.6122433019018302
3.978469692676941	1.8066089817063686	0.6119937999150825
3.981021088195338	1.8052195337811816	0.6117328860353023
3.9836081821061735	1.8038408480740358	0.6114638675000627
3.9862066749983227	1.8024423827191707	0.6112024540814058
3.9888293260472403	1.8010106865398228	0.6109365049382395
3.9914728076246466	1.799574924949589	0.610646619221873
3.994123474793706	1.798154060510468	0.6103443242033026
3.9968022891880586	1.7967436344245038	0.6100356212611969
3.9995031810293113	1.795349420210882	0.609732395318476
0.0022309666557672856	1.7939506553598839	0.6094349073897832
0.004995432559943447	1.7925353454996995	0.60910507378292
0.007797838399569334	1.791128792116778	0.6087611005861635
0.010636635315980622	1.789744320434315	0.6084177876328383
0.013523695560531125	1.7883748914190307	0.6080751999993366
0.01642052036138702	1.7870201374509793	0.607713074080719
0.019329291217853546	1.785687948658347	0.6073363135494846
0.02222782714575459	1.7843658824227195	0.6069276044571729
0.02513220451349889	1.7830464981064857	0.6065079274199464
0.028031565681166805	1.781756245956237	0.6060672590901598
0.03092854519951223	1.780473544742323	0.6056134825755822
0.033812738883886584	1.7791765324901556	0.6051270637889559
0.03667848120443788	1.7778895912824135	0.6046066161696626
0.03952818876400128	1.7765954345084531	0.6040864678740483
0.04235895798173693	1.775292737234169	0.6035555163475529
0.045163475360412035	1.7739723677931303	0.6030147098671309
0.04792311636854182	1.7726111162194222	0.6024582062646193
0.046743160603714515	1.7728002681866413	0.6040657342023663
0.045516898039432034	1.7729718635911331	0.6056430343979818
0.04426233163558088	1.7731293064699607	0.60719003689074
0.04297570640407459	1.7732859776429264	0.6087243699285224
0.04165505765343776	1.7734135424973374	0.6102254170108649
0.040293686732915855	1.773526114029865	0.6116969133225824
0.038875415833385094	1.7736192732129472	0.6131409476034347
0.03742899036381658	1.7737106046421263	0.6145650631036895
0.03596390347379408	1.7738042424760003	0.6159965507944429
0.03447619205210581	1.7738996248534356	0.6174315534544753
0.032972502144756534	1.7739804534024648	0.6188433248809102
0.03145563160139786	1.7740358353383046	0.6202350367435201
0.02993311259413288	1.7740845344355214	0.621618409350465
0.028423056734241177	1.7741545534785754	0.623006237145991
0.026935882833766925	1.7742366680721735	0.6243935101972197
0.02546303759043707	1.7743221094454147	0.6257764656684649
0.0240133940730087	1.774387259125092	0.6271467329165931
0.022581025114377394	1.7744564281070667	0.6285057756947033
0.021150000601381495	1.774531072633187	0.6298523556718628
0.019728782851760798	1.7746059390199675	0.631188240433176
0.018308043250919663	1.7746796591362224	0.6325324764552656
0.016882991749228648	1.774747726047291	0.6338779822802171
0.01546611166371391	1.7748166992957566	0.6352201032063399
0.014055799763447833	1.7748888442297348	0.6365639948438233
0.01265007059857762	1.7749588121920816	0.6379136156684274
0.011259603305571748	1.7750279929744772	0.6392598133083274
0.009887916714772295	1.7750981899729874	0.6405824696059355
0.008546289031057655	1.7751862575966997	0.6418974296875501
0.007218290653002784	1.7752914538579074	0.6432234006958678
0.005885501159194694	1.7754108286114572	0.6445631316640699
0.004578795625050555	1.7755358936178771	0.6458720683894141
0.003291285836595315	1.775632237745151	0.6471677301713209
0.002023340083274895	1.7757109412935999	0.6484557843764223
0.0021271491104700555	1.7783168174543829	0.647205765012553
0.0025821625014518885	1.7815568512223647	0.6453233893419021
0.0030540898596569527	1.7848060175454896	0.6434387075856755
0.0035459886460899063	1.7880708793690896	0.6415661266083051
0.004033570598446271	1.7913463225462676	0.639674145203376
0.0045377998206367134	1.7946231321568908	0.6377883633116971
0.005038604222173173	1.7979079109653395	0.6358852572281372
0.005540801474874286	1.8011996913203114	0.6339704402502376
0.0060602181529619	1.8044868865587398	0.6320444715581942
0.006586218226682843	1.8077790643655018	0.6301223178146513
0.007099350512729496	1.8110856234778965	0.6282275578115268
0.00762066004723653	1.8143934040102485	0.6263305154564541
0.008148542097915558	1.8177140264359368	0.624428874370607
0.008683659622782246	1.8210567293680051	0.6225451727695084
0.009233752735535075	1.8243966712622997	0.6206674567997109
0.009818689415767788	1.8277181596060332	0.6187996608963754
0.010408685021915453	1.8310398798196292	0.6169351172797213
0.010980138174002995	1.8343804674309878	0.6150584340646676
0.011569826985609103	1.8376856714661145	0.6131601163803827
0.012150512258570867	1.8409791518134897	0.6112489665530279
0.01271313070463215	1.844274181934971	0.6093420522287183
0.013284121425026104	1.8475735374577655	0.6074345253865605
0.013841507438314986	1.8508791751852014	0.605510410904202
0.01438968503728702	1.8541665020087195	0.6035855815759501
0.014943943043630486	1.8574442268791538	0.6016729285554723
0.015506260073641412	1.8607202248577766	0.5997562564373565
0.016073038253389883	1.8639949410002197	0.5978483029269356
0.016642349786118588	1.8672667607419784	0.5959419372074141
0.017214529191131932	1.870538137901227	0.5940349657599251
0.01778366820952003	1.8738108114075214	0.592126667269754
0.018336741099292696	1.877066327928468	0.5901960582049481
0.01888088825996928	1.880337219933916	0.5882708562552568
0.0194275723046559	1.8836077381507168	0.586345156950035
0.01998486585337336	1.8868510259542	0.5844322633601828
0.020550504147575636	1.890119236420826	0.5825608589938945
0.02111929611665735	1.8933971593614123	0.5807016120392863
0.021675369577781437	1.8966917643568173	0.5788565091940994
0.022217828595316968	1.8999777045076933	0.5769994876641169
0.02275519135787172	1.903264389919789	0.575143470138801
0.023285047337978867	1.9065477484627709	0.5732896909122136
0.023817493638908924	1.9098342837639053	0.571435060019047
0.024354734997724566	1.9130970726857486	0.569574565393172
0.024883707217176088	1.916354245292177	0.5677154857025468
0.025398630910118472	1.919594027811871	0.565849388696874
0.025889436277164293	1.9228233808654476	0.5639855690535446
0.026365062659092293	1.92605693335515	0.5621206343463212
0.026840481041207814	1.92928411936816	0.5602686309048103
0.027332250982517053	1.9324867656610243	0.5583956793269224
0.02780681636953863	1.9356927016689336	0.5565128519327562
0.028271710787419486	1.9388863355806594	0.5546000571673844
0.02871784858542585	1.9420909659183283	0.5526812330783506
0.029148129754455413	1.9452966459581473	0.5507669343096927
0.029557023790650915	1.9485123177347765	0.5488636704470378
0.02995801212928345	1.951728807648448	0.5469572339198991
0.030341582931554447	1.9549594904291094	0.5450425417082039
0.030702674732019042	1.9581838567539656	0.5431116161377082
0.03105243069321559	1.9614080977493065	0.5411551687145276
0.03138605500079114	1.9646212352134311	0.5391746697045733
0.03170927130309735	1.9678372652712113	0.5371806155949891
0.03203189176608528	1.971058625007217	0.5351784013454186
0.0323360101906799	1.9742879750332807	0.533192696384301
0.03263072578870611	1.9775210964393568	0.5312360445859751
0.032911912163549946	1.9807691054858616	0.5292536355669691
0.03319890891887753	1.9840252658267514	0.5272762576181037
0.03347716784854969	1.987283777989857	0.5253050630597754
0.03375144833411208	1.990552070981706	0.5233123878754344
0.03436915586248747	1.993066195849633	0.5231915117778735
0.03551153542207154	1.9944517075142798	0.5258916263878514
0.03664819623988979	1.995837892426878	0.5285872492913343
0.037741559383012165	1.9972615855528364	0.5312736887102221
0.03881735352586027	1.9987120683251904	0.5339529148167483
0.0398924072089551	2.000177134330819	0.5366362164138807
0.04096384369466497	2.001647715233719	0.5393133190346818
0.042039804417427606	2.003142284963781	0.541990312751873
0.043106740151400855	2.0046589944065594	0.5447186509196215
0.044173385807338685	2.00618443479526	0.5474569624834672
0.045224720830544025	2.0077128247240714	0.5501958280208689
0.046245006574379875	2.009252224806067	0.5529251160566154
0.047255234023667325	2.010780827968709	0.5556635025394284
0.04825675150069953	2.0123165901128557	0.5584115330383141
0.04926425517126394	2.0138629138689073	0.5611807880844509
0.05027105787404761	2.01541501441547	0.5639614213386467
0.051264321761099685	2.016969101592873	0.5667443657573192
0.0522503711366838	2.018544215792933	0.5695452549928827
0.05242744855377561	2.0191047427738344	0.5716555791839448
0.0513788094993343	2.018157974464399	0.5727332192055027
0.05030804469354854	2.017211618483944	0.5738078876166419
0.04921490731940169	2.0162596000705193	0.5748710401573729
0.04809636945107553	2.0153221896047393	0.5759378712122271
0.046988015146325626	2.014379568771093	0.5770302030997156
0.04590125409777722	2.0134295026081417	0.5781170338696847
0.04481819856554395	2.0124753026148774	0.5791924103471932
0.04373096376332869	2.0115128044262724	0.580265018821785
0.042639153495744694	2.0105462627995188	0.5813298296339767
0.04154466081593036	2.009584789248029	0.5823703943425937
0.040427458440712244	2.0086113852994663	0.5833713191539797
0.039301109313976734	2.0076528960464772	0.5843603020530269
0.03817793403293746	2.0067046489435723	0.58531436746144
0.037060081721388305	2.005759247305683	0.5862220819742139
0.03594772581947762	2.0048172392857944	0.5870746867905499
0.03484116619733657	2.0038952899836717	0.5878634243264146
0.03374918266002346	2.0029960592392486	0.5885709834869803
0.032675531593693005	2.0021324780555285	0.5891758464612966
0.03161579223998562	2.0012967306343867	0.5896515199908751
0.030559565554046087	2.000491993462252	0.5899744201991995
0.02950475018154768	1.9997259662505356	0.5901080780927787
0.02845654210066489	1.9989987058784875	0.5900479367956266
0.027438013544540382	1.998303891575393	0.5897956262318704
0.026425395813213758	1.997687083218062	0.5892931929824303
0.025402346613929427	1.9970888899589132	0.5885428100037395
0.02437588785588678	1.9964993127335273	0.5875426236214668
0.02334647477448013	1.995945578101827	0.5863201164432675
0.022315121970586216	1.9954246828817888	0.5848813718976343
0.020254545215865335	1.9966881046084977	0.5846809799072976
0.0179422903970054	1.9984207384115276	0.5846236032024497
0.015621626444829466	2.000176966443469	0.5843773051154509
0.013314989380273387	2.0019254264866677	0.5839582920784024
0.01100666182250941	2.003713251291277	0.5834020954833313
0.008727231893075477	2.005508710393536	0.5827357407745665
0.006457592986824489	2.00730556754393	0.5819740407201133
0.004213631349551183	2.0090942832491963	0.5811445364176748
0.0020116559726641725	2.0108655362389247	0.5802839365230836
3.999836412103512	2.012618184860575	0.5794245163437625
3.997740480045653	2.014327222530298	0.5786151679437299
3.9957376670489757	2.01597831573524	0.5779039619115529
3.993854858653297	2.0175721273692737	0.5773264239809539
3.992106089466125	2.019087633041474	0.5769267008827533
3.9905224623791233	2.020484661364598	0.5767255780679277
3.989126824707595	2.0217412967755073	0.576770180398305
3.9879136352236606	2.022861670541503	0.5770959420987976
3.986887529801664	2.0238451207124895	0.5777109658619313
3.9860531173016387	2.0246939403469395	0.5786053032952628
3.985410017633214	2.025416553233703	0.5797456180509108
3.9849430546579017	2.0259944683287388	0.5811163983021655
3.9846126396081916	2.0265216680554734	0.58273805146712
3.9844021795964135	2.026965290104685	0.5845431398365917
3.984296872021566	2.0273325202068717	0.5865036625457819
3.984282801665285	2.0276511958602645	0.5886014057918416
3.9843455841584494	2.027917090242907	0.5907992952514367
3.9844603505606404	2.028155533142834	0.5930705755119617
3.9846097445371647	2.028395173967224	0.5954147562950559
3.984745624556945	2.028619948529761	0.5977849287321058
3.9848952427590234	2.0288372891042004	0.6001640659643644
3.9850531311322768	2.029050641576513	0.6025402375473273
3.9852172362525273	2.0292621928630252	0.6049150894482955
3.985397450474818	2.029497762774279	0.6072778115115532
3.985581945639137	2.0297343961150047	0.6096150457881883
3.9857603115972067	2.029944830447629	0.6119065868941787
3.9859350818339303	2.030159856075261	0.6141409598335708
3.9861087507862045	2.0303781520683715	0.6163128920764226
3.9862925168525485	2.0306159543526614	0.6184348371182998
3.986465768821889	2.0308585759583684	0.620488108043952
3.9866288764349913	2.0310978756133653	0.6224521448018041
3.9868053786980133	2.0313425900670095	0.6243244039756279
3.9869736675466245	2.0316082856026143	0.6261087500733612
3.987126305107785	2.03190082129601	0.6277978776827089
3.987267190038697	2.0322094867939318	0.6293975244851646
3.987380551676759	2.0325352098597516	0.6309019236370245
3.9874785257978442	2.032871669856939	0.6323236679931357
3.987563113819064	2.0332341288816003	0.6336465788764796
3.987641694453403	2.0336052269504847	0.6348755279993032
3.987715054836204	2.034002369739133	0.6359927020471375
3.9877860515115726	2.034424753332921	0.6369748668913399
3.9878211485416557	2.0349020859575093	0.6378069194679853
3.9878304460257956	2.035385495136387	0.6384829610192299
3.9878307435694693	2.0358801933342323	0.639024993917188
3.9878136107420485	2.036372904671116	0.6394464042304004
3.9877714430639446	2.036873446423683	0.6397381787434734
3.9876890301234	2.0373982254017537	0.639902171991884
3.9875696293989162	2.0379192978993337	0.6399419012899966
3.9874418374007203	2.0384503671182483	0.6398579183870639
3.987306296006359	2.0389862728940003	0.6396735408890368
3.987158972433232	2.039517499977126	0.6393881537109191
3.9869938830092324	2.040036511999492	0.6390234103763219
3.9868157814077705	2.040553716810408	0.6386227221240494
3.9866240922320375	2.041111847325732	0.6382029817167788
3.986424336814304	2.041671726678292	0.637741884554476
3.986211990050032	2.042227537250228	0.6372475079768116
3.9859907043679534	2.0428011227913943	0.6367135517793556
3.985769040357605	2.043380289268736	0.6361526227134665
3.985546737074443	2.0439638605695363	0.6355747649942243
3.985323586981959	2.044532601340698	0.6350124368184541
3.9851311945481473	2.0450611520249513	0.6344292074020434
3.9849748478395415	2.045543836072594	0.6338507033883659
3.984833567570675	2.0460227884788855	0.6332639095892074
3.9847007943944255	2.0464938005827955	0.6326738863924364
3.984553973689111	2.0469864528553963	0.6320790824412845
3.984410659393499	2.04747771440305	0.6314868675156218
3.9842789174831403	2.0479610402666872	0.6309009069955014
3.984138152803016	2.048431703920237	0.6303170630005995
3.984003139273151	2.048897572720132	0.6296985137573439
3.983890216013824	2.0493361880636787	0.6290868550391737
3.9837939912856664	2.049769264718697	0.6284779984179418
3.983734397667041	2.0501938018278154	0.6278782714841755
3.983702387485026	2.0505746102059734	0.6273019007429848
3.983687721526205	2.050929097686692	0.6267470209016343
3.983685738285768	2.0512852395110244	0.6261963827285666
3.9837061888928016	2.0516281399910095	0.6256568518802835
3.983737565134497	2.051970253627069	0.6251235160246975
3.9837816332683302	2.052312117360093	0.624602675127951
3.98384028341897	2.0526586059033183	0.6241053113917865
3.983998696970072	2.054413819877148	0.6241439878395754
3.9842054006983574	2.0570970271125533	0.624523038912463
3.984416601932143	2.059768293188938	0.6248983294667958
3.9846513361513507	2.0624526435977937	0.6252926919336275
3.984874840968978	2.0651529940732956	0.6257211434659714
3.985095212996462	2.0678596110602245	0.6261662625671931
3.9853355255912155	2.0705593570197727	0.6266316090025144
3.9855865595556166	2.0732652773976032	0.627104303590526
3.985863779740678	2.075964826407793	0.6275585653213308
3.9861399289970265	2.0786656688058436	0.6280033512699171
3.9864196646185914	2.0813386317417195	0.6284724768419838
3.986701039103626	2.0840113229566146	0.6289551246282298
3.9869987968493303	2.0867096259583735	0.6294449047109578
3.9873179612679372	2.0893995871879683	0.6299618755934945
3.9876485041508785	2.0920838626563616	0.6304986294745074
3.98798051629523	2.094760706520799	0.6310544106626551
3.9883125810500832	2.0974299540668393	0.6316275523525676
3.9886536186860173	2.100086389519119	0.6322092882218838
3.9890087804661625	2.1027417408604254	0.6327963426500159
3.989397630952427	2.1054085441088253	0.6334003846712637
3.989819250226688	2.1080810515514283	0.6340229734074082
3.9902549723664484	2.110756238175204	0.6346842936913243
3.9907116350249354	2.1134068190094286	0.6353470218027455
3.991191945387706	2.1160443251641707	0.6360203966160195
3.99168383069963	2.1186932185940437	0.6367110952057456
3.9921901638894117	2.1213463123573923	0.6374380204399731
3.9927158147874557	2.1239874874963953	0.6381900737322334
3.9932544354318043	2.1266228547208197	0.6389381953089069
3.993461939625113	2.127939956477548	0.6389586657001085
3.9931795053561383	2.1272892280668145	0.6378583099836764
3.9928877627930666	2.1266421916588034	0.6367335984951503
3.992610936711551	2.1259823833176434	0.6356248857876075
3.9923505410964952	2.1252743981309985	0.6345355167262373
3.99209141117944	2.124567722998667	0.6334422162483277
3.9918471668323408	2.123821196779107	0.6323480589710904
3.9916275289891847	2.1230472416353248	0.6312385692434596
3.99141281248267	2.122253153163073	0.6301265941892572
3.9920938770797614	2.1216914925654664	0.6296370424847926
3.9963180279848936	2.1220815733181255	0.6315702586958432
0.0005526755121829652	2.1224890317072274	0.6334995030747158
0.004804064298923361	2.1229184395136036	0.6354379082375812
0.008425329397125921	2.123305490683783	0.6376670813056174
0.009497453285107064	2.123399897912026	0.6409918994574124
0.010583078752883328	2.123485690048579	0.644328630350091
0.01168807964231232	2.1235720566661582	0.6476812860216912
0.012816884445554377	2.123675970735507	0.6510564559665575
0.0139608823271676	2.1237789437253407	0.6544488013956518
0.015116349236639298	2.1238815396464927	0.6578506798138742
0.016289252251110692	2.1239758968211317	0.6612700435955418
0.01746569311830535	2.124056268660028	0.6647190328372892
0.01862370927455464	2.1241510234300223	0.6681751831306147
0.019759293029885647	2.1242563802043053	0.6716569681065863
0.02088994208841254	2.1243895535850417	0.6751618650147673
0.022040956418444235	2.1245316237955945	0.6786663041195053
0.023194954609040294	2.1246746061139583	0.682182315363361
0.024335247745292266	2.1248377341579916	0.6856991304977995
0.02546715901770824	2.1249996454941926	0.68923019918989
0.026607075045118517	2.1251609124943864	0.69276140002108
0.027745778967249442	2.125314034013272	0.6962813208380159
0.02887323131856757	2.125439147992902	0.699784143742426
0.02998001568540732	2.1255456875387635	0.7033001322774941
0.03108495544905028	2.125661309682517	0.7068163267272026
0.03219665903833888	2.125792325568365	0.7103357822771321
0.03330920607386906	2.1259222695712845	0.7138431913413538
0.03442321595202739	2.1260429356931163	0.7173370166866189
0.03554178376419101	2.1261787791912123	0.7208068310792154
0.03664350985483331	2.1263012194554536	0.7242344843472451
0.03773835761148546	2.1264117902815283	0.7276069297610593
0.03882252239839115	2.1265217332498643	0.7309236278749602
0.0398831783902923	2.126608098531489	0.7341843612058486
0.04091650931053873	2.126682997031361	0.7373663524009435
0.04193263399667253	2.126742509112523	0.7404609260575349
0.042938509962861415	2.1267757368234377	0.7434708461736829
0.043911924411443856	2.1268343709589694	0.7463349562234651
0.04485558448096208	2.1268881706584195	0.749053953135205
0.045761330299005136	2.1269312075056623	0.7516410062568603
0.04661089786207603	2.12697157249838	0.7540719114375076
0.04740988867275617	2.126998704609936	0.7563364433050006
0.048181621564068	2.1270077925730946	0.7584469254975909
0.04891147323762733	2.1270048896437186	0.7604050766633026
0.0496139186197023	2.126951440973785	0.7622227726316468
0.05028858532973891	2.1268461933746305	0.76390208258725
0.0509228110660836	2.126713350883838	0.7654514158309008
0.051521496593789455	2.126558182448002	0.7668781905947205
0.05208894268087407	2.12640280679997	0.7681867503569825
0.05262859212172401	2.1262543298263785	0.7693930440677471
0.05315249936365818	2.1260870592315344	0.7705077398539559
0.05365441465195343	2.1258921655253356	0.7715467475816963
0.05414430752100199	2.1256957534648673	0.7725121872545488
0.05462843020071185	2.12551608127239	0.7733983069286868
0.055106139014642515	2.125331941053219	0.7742371450470198
0.05557194492984706	2.125131567919316	0.7750452808132239
0.05602781698524507	2.1249221955985442	0.7758237475342202
0.056474574256054386	2.1247063158417663	0.7765769804439199
0.05692794802137812	2.124480532905112	0.7773076771097657
0.057375463760706395	2.1242416928844876	0.7779986264285275
0.05782982873374738	2.1240256918047518	0.7786775472951185
0.058301647955517774	2.1238316452497354	0.779375456527544
0.0587976822808414	2.123644177274141	0.7800760020375335
0.0593075179106933	2.1234557605354913	0.7807772637575736
0.05983104656141286	2.123265595292857	0.7814771881418862
0.06035283991442492	2.1230847440886804	0.782196329056005
0.06086913367547651	2.1229282103897695	0.782938728021689
0.06140077632146321	2.122774687122532	0.7836896290268974
0.06195909380048381	2.1226212306572205	0.7844579704226277
0.06252673485399113	2.1224736077180206	0.7852357026060752
0.06310945948030991	2.1223315650902466	0.7860120348862377
0.06369418509434639	2.122192675814225	0.7867952980975157
0.06428465685835709	2.122064222330822	0.7875910078083889
0.06490299507943134	2.1219281083838504	0.7883802247808239
0.06551908309341958	2.1217800491163707	0.789194221413386
0.06612735560547432	2.1216321696622313	0.7900573609284959
0.0667471939954399	2.1215042498665064	0.7909309155258251
0.06735408984914895	2.12140627916412	0.7917766703784537
0.0679844012304228	2.1213096545913155	0.7926303033186852
0.06864855471130753	2.1212020250930372	0.7935055597300955
0.06931177021717232	2.1210991780917277	0.7944051920453805
0.06999323370860426	2.1209827664867893	0.7953200377240675
0.07069790179521837	2.1208592248735783	0.7962610039869368
0.07141138157777994	2.1207461744778526	0.7972010548668576
0.07214154952089558	2.1206385201125157	0.7981437757642843
0.07289178742953276	2.1205424350754916	0.7990909646780866
0.07364924972593036	2.120453289609855	0.8000477438496219
0.0744137676684888	2.120371073973406	0.8010139055254154
0.07518229781055871	2.1202992167922377	0.8019978378595591
0.07596041985893995	2.120231721504563	0.8029681861733362
0.07673816904878701	2.120170404945941	0.8039065666088
0.07751661883634646	2.1200746111546738	0.8048483721747096
0.07830730762901826	2.1200057761000624	0.8058200692431751
0.07909624911428279	2.1199489419831754	0.8067970041621847
0.07989549562288324	2.1198873875176933	0.8077634942593905
0.08070050514857147	2.119832623795483	0.8087377729299453
0.08150266011757194	2.119787467943761	0.8097258773023541
0.0823249177137938	2.119715683751251	0.8107202025490081
0.08314345329723473	2.119649409023103	0.8116972621763772
0.08396247918948403	2.11959627748547	0.8126726276184058
0.08475775478718774	2.1195226915148644	0.8136347498168413
0.08554970022011747	2.1194590550401022	0.8145853550544322
0.0863212048321699	2.1193858066301146	0.8155308292232228
0.0870805525828915	2.11931946107124	0.8164792476249766
0.08786629651457852	2.119243265063058	0.8174438121342483
0.08866871468007916	2.119158170927645	0.8184274486032546
0.08947872851838885	2.1190756264506496	0.8194154321250916
0.09030744727815011	2.1189851434403693	0.8203989174995272
0.09115286751910824	2.118893225881261	0.8213757718115404
0.09200212090274157	2.118807792647177	0.8223582771847591
0.0928584210080516	2.118728656931412	0.8233476657061234
0.0937189314913802	2.118667422465072	0.8243471169348818
0.09458462345377011	2.1186138160894386	0.8253577354874534
0.09545786423008738	2.118567304831621	0.8263805314106811
0.09632644111631297	2.118509774875619	0.827406614332979
0.09720302953258814	2.1184559878937126	0.8284273601765801
0.09808545575690489	2.1184127918124545	0.8294429006858324
0.09896453637120836	2.118381976780385	0.8304510170346171
0.09983068006117826	2.118357000896659	0.8314681917413753
0.10070740107720749	2.1183403504011387	0.8324979653272547
0.10161253165322799	2.118338364373072	0.8335307525058736
0.10252028609814724	2.1183411721936958	0.8345619880120918
0.10340679230649381	2.1183654030545984	0.8355935484631495
0.10430163552356375	2.1183972977564633	0.8366367638084755
0.10519753018471917	2.1184279317507695	0.8376913025661248
0.10608889002590509	2.118458178143441	0.838747177132716
0.10699355091719041	2.1184921421204392	0.8397950919973004
0.10790684032500725	2.1185106575086725	0.8408498631151645
0.1088294229785815	2.1185301410507433	0.8419031679120454
0.10976311848467729	2.1185704760257784	0.8429626862575439
0.11069907243853815	2.1186213116677157	0.8440262207831011
0.11162211400093551	2.1186604347100757	0.8450798002763419
0.11252195353076369	2.1186801220804963	0.8461142415124088
0.11342935382446033	2.11870581954769	0.8471490563611419
0.11434296199821678	2.1187440631158596	0.8482023166469521
0.1152586778527654	2.118773654659609	0.8492643236903645
0.1161643580384278	2.1188036109927815	0.8503392566742262
0.11710155856741958	2.1188472730735297	0.8514167706794501
0.11804663193025171	2.1188921338319413	0.8525022387083204
0.11899855273296349	2.1189281611312736	0.8536053212323585
0.11993728753339364	2.1189685914472154	0.8546958428295803
0.12086943115182412	2.1190124219450213	0.8557813672192037
0.12182571188664856	2.119038533816157	0.8569114872582696
0.12280177239537182	2.119054951724545	0.8580656996702776
0.12377752215416464	2.119075851792777	0.8592203654079041
0.12475753309600504	2.119106909424895	0.8603949988143339
0.12574191424569003	2.1191403725692517	0.8615751154968007
0.12672633728004878	2.119175442455563	0.862757725982879
0.1277326952811488	2.119225403588367	0.8639522076625652
0.12875611897384245	2.1192813609501044	0.8651404206571397
0.12978362887830477	2.1193359747342972	0.8663420522736048
0.13081468799738324	2.119381669321742	0.8675538549374019
0.13185539379806135	2.119431610457809	0.8687561111258972
0.13290403768830822	2.1194873001002583	0.8699551724390961
0.13393885414472861	2.1195604206616725	0.8711581263000128
0.13496902270913824	2.1196345999449564	0.8723684160937041
0.13600637981995498	2.1196986778317917	0.8735854090650228
0.13704636260215902	2.119763941954799	0.8748058331697203
0.13809710388576443	2.119821780527832	0.8760365042804006
0.13914224180287554	2.1198804540401883	0.8772740041384411
0.14018347191023886	2.1199350824617427	0.8785152312863496
0.14125313341843124	2.1200049239853747	0.8797408838632471
0.1423504353000785	2.1200853549897047	0.8809817877082009
0.1434521815971749	2.1201820291390887	0.8822361637769497
0.14461359330815907	2.12073584251507	0.8829853898966021
0.14578979212840223	2.1214102223454243	0.8836003364238937
0.14694639490684333	2.1220750609648813	0.8842209868674007
0.14808062866410113	2.122744078861006	0.8848388504467498
0.149204024447982	2.1234154670590497	0.8854567699247612
0.1503454054544812	2.124088270411344	0.8860569522147089
0.15147824218630251	2.124732682291186	0.8866561063129124
0.15260105921909245	2.1253777865358403	0.8872652099570744
0.1537047362174264	2.126039516917022	0.8878781606490577
0.1548180004010916	2.126708700839411	0.8885021310689397
0.15594416411537027	2.1273803638609206	0.8891437259831264
0.1570785817602882	2.128041119758856	0.8897784089998639
0.158210395823655	2.128685775975105	0.8904281723955934
0.15933319823746833	2.12932415643806	0.8910739726420599
0.16046591084768924	2.129959925205765	0.8917376476909981
0.16161976234591005	2.130610103202983	0.8923983348194985
0.1627692624052799	2.1312642598325175	0.8930616119418722
0.16392520056670717	2.1319262825619347	0.8937421189716609
0.16507166638593318	2.132628328337741	0.8944121216861551
0.16621070575004757	2.1333554058628175	0.8950812040512454
0.16734346591163213	2.1341040382084544	0.8957493010317139
0.1684956603163878	2.134881263938637	0.896424946683987
0.16965479713796328	2.1356839010742217	0.8970939800686565
0.17082555444898392	2.1364701415287826	0.897766632119606
0.17199920066625204	2.1372599198133226	0.898447225874601
0.1731753473251807	2.138050897166166	0.8991386171807434
0.17435872046369794	2.138862897100289	0.8998179919394135
0.17554819459695603	2.139682718091716	0.9004976901747316
0.17673977128532123	2.140528954598781	0.9011989820814981
0.17793940653070545	2.141395390850947	0.9019130838168626
0.1791522833428471	2.142276388107477	0.9026377993241331
0.18039220527490984	2.143136860473511	0.903359716643505
0.1816346028114347	2.144007667568101	0.9040868811390438
0.1828743075666062	2.144884988504935	0.9048392972209729
0.18412105438307141	2.1457587174987505	0.9055842612342638
0.18537258999261427	2.1466429956236466	0.9063324967865438
0.18663069244037347	2.147526966779055	0.9071052172588571
0.18789110925680477	2.1484078317327726	0.9078949271205649
0.18915785652003111	2.14929756628507	0.9086903541697114
0.19042273649812896	2.150165600477093	0.9094897036339291
0.19166726852271185	2.1510735546725095	0.9103154971726686
0.19290906262389956	2.1519973514038293	0.9111446697432662
0.1941553511008238	2.152939272156684	0.9119902499252871
0.19541565483179058	2.1538904038991378	0.9128494998124366
0.19668288408011755	2.1548360882622593	0.9137184952038244
0.1979531921741013	2.155798415311552	0.9145904140557349
0.19922076942950925	2.156764888756061	0.9154735940412636
0.2004715837781152	2.1577213590089674	0.9163587583255322
0.20173427112395778	2.158680627954324	0.9172288223556594
0.20300613929720077	2.159650286091243	0.9181149297278797
0.20426705425233516	2.1606402276961423	0.9190016261056301
0.20555260691810234	2.161645948618973	0.9198978149031624
0.20684932550089136	2.16264674560151	0.920799588804771
0.20815218309546651	2.163618988575069	0.9217058601401874
0.20946093977080768	2.164588898212591	0.9226072550863227
0.21074612213474458	2.1655443879399012	0.9235119245955469
0.21203406441590666	2.1664925836065465	0.924411720852925
0.21331985644921278	2.1674402021437715	0.9253216451258485
0.21460087036158915	2.1683820832724963	0.9262453433099767
0.21588375080214664	2.169320667615996	0.9271870216720683
0.21717620256664696	2.1702493401190788	0.9281402915331142
0.2184726758615049	2.171178149436609	0.9291087759606136
0.2197613761286638	2.1721113554300047	0.9300930485512476
0.22102851321139547	2.173036457960389	0.9311026718066227
0.22229038691715186	2.1739604654417066	0.9321367046483454
0.2235541069564267	2.1748781987510126	0.9331945170150514
0.22483171846732297	2.1757775796581456	0.9342428271178832
0.2261045428040428	2.176663914490354	0.9352927598604642
0.22734797493219966	2.1775329839286233	0.9363762452663995
0.22859029664575037	2.178391848454311	0.9374714765596837
0.22984356335568532	2.179225982763796	0.9385849664784854
0.2310948565589758	2.1800120013547275	0.9397221298699011
0.2323475009954911	2.1807473365894916	0.9408847566943475
0.23359336269992853	2.1814472412643338	0.9420999509166845
0.23485278311197175	2.182110105060826	0.94333149036409
0.23678209136409578	2.182313304303488	0.9428417522379198
0.23967607310279337	2.18183207935632	0.9398002586532493
0.24252528620611688	2.181297376882453	0.9367693730093517
0.2453701948926742	2.180703072137072	0.9337808393087629
0.24821953264911253	2.180063743181186	0.9308018746985689
0.2510672567751115	2.179376175726262	0.9278453320923913
0.2538815098514256	2.1786225575886533	0.9249105049423932
0.2566813519885495	2.177843608721775	0.9220162086696453
0.25949818127688773	2.1770253855549258	0.9191586218367005
0.26232050515500177	2.1761791495626768	0.9163383314785815
0.26513789103470226	2.1752819718207146	0.9135606335103427
0.26797101307107335	2.1743435908242326	0.910808683342227
0.27082761996346544	2.173373121532332	0.908081175477013
0.2737044338748406	2.172392564073805	0.9053736694946186
0.27657633331231823	2.1713800589866374	0.9026780665927865
0.27946486949896593	2.1703321061470766	0.8999901687478127
0.28234310862503065	2.169268515261641	0.8973184264527035
0.28522039504921115	2.168184011328293	0.894655872017314
0.288080062192432	2.1670806196084462	0.8920152743289952
0.2909568151497811	2.1659600551514693	0.8893885949333533
0.2938544725159883	2.1648295119449643	0.8867788074378619
0.296752216079612	2.1636955609126334	0.8841647894058339
0.2996569409411481	2.162564608078869	0.881545933305121
0.30251419468290114	2.1614398394116825	0.8789445581448467
0.30537325015607825	2.160308600479073	0.876343400857179
0.30825025395314215	2.159161825287732	0.873736356872176
0.31113381270622736	2.1580334448374057	0.8711317753442416
0.31403320630510523	2.1569318357333973	0.868544695568542
0.3169472281598756	2.155830357122199	0.8659593540488831
0.31987279362112997	2.154722877092828	0.8633562276906508
0.32280042599515923	2.1536206555470234	0.860752853931352
0.3257565889806345	2.152505499013263	0.8581712853146943
0.3281271382554082	2.1518127759093306	0.8582013476177097
0.3296526507247429	2.1517496693370526	0.8621201667885628
0.3311849255186095	2.1517006873300555	0.8660360310199846
0.332752683400463	2.151659510135876	0.8699201139782845
0.33432091515679385	2.151653169421132	0.8737997213421237
0.33587201061806043	2.1516246529610528	0.8776593704485053
0.33739759900027055	2.151590856366324	0.8815291592607873
0.33892689842022106	2.1515445660511907	0.8853959837246451
0.3404545738163609	2.151506374082457	0.8892642551584595
0.3419749069189722	2.151491108497121	0.8931210870284981
0.34347863231446696	2.1514759478204337	0.8969762749186314
0.3449797196864404	2.1514532959070145	0.900832829965652
0.3464794759912938	2.1514526662034394	0.90469795259678
0.34797032699945396	2.1514549913474386	0.9085757100669234
0.3494648841569789	2.1514631517406357	0.9124607437683994
0.35095213531363534	2.1514637615028596	0.9163381793524916
0.35245873567349667	2.1514604368462487	0.9202006638007495
0.35397135515958866	2.1514618595826023	0.924063075154209
0.3554702873191359	2.1514552272122582	0.9279405975109938
0.35697732779815944	2.1514414259759027	0.9318305397544357
0.35847312012673654	2.1514442452909384	0.935719594740984
0.35995975707454725	2.1514615396185532	0.9396046255221822
0.3614260786602628	2.151474426611646	0.9435044803765373
0.36288601190097586	2.151491944846714	0.947452162916279
0.3643469918569133	2.151511545345813	0.9514133944093528
0.36580502685048094	2.1515019628455523	0.9553845742842484
0.36729457141892113	2.1514795806943794	0.9593662837877991
0.36879437480465665	2.1514637821668305	0.9633866177205453
0.3702857867938694	2.151451195879508	0.9674124582366805
0.3717720920382373	2.151444333462979	0.9714302506458486
0.3732520601608843	2.1514516544126243	0.9754372498161538
0.37473207496780414	2.151459750350471	0.9794209696237012
0.3750170740012297	2.1515319361696106	0.9824477070625387
0.3734689369237143	2.1517208424803567	0.9841157834830186
0.3718977313243577	2.1518919992870744	0.9857467478195644
0.37031184268797795	2.1520615238705916	0.9873440095303588
0.3696358852847158	2.152055622344683	0.989228844402147
0.3703177125558079	2.1517947974601386	0.9915584389902992
0.3709678187414303	2.1514843888853465	0.9938253625680225
0.3715531403266419	2.1511279027426453	0.996018165305112
0.37209794508180755	2.1507049397557463	0.9981374924051838
0.3725858483072525	2.1502330292208898	1.0001803784101764
0.37298504926570186	2.149663873822438	1.0021124517983753
0.37329500750685657	2.1490234154859795	1.0039230672316775
0.37351103569152067	2.148310269513807	1.0055974995483703
0.3736284059416691	2.1474837316159046	1.0071306454845101
0.37364873086631484	2.1465429643814242	1.008506670470131
0.37354874596334764	2.145500857785284	1.0097174850818922
0.3733393936159922	2.1443494459330648	1.0107946323035386
0.3730258113459458	2.143093650767686	1.0117377948648543
0.37262022967352926	2.141729955900385	1.012573076865715
0.3721054273952159	2.1402631572703026	1.0133101723726117
0.3715148633857524	2.1387094603142405	1.0139548807273335
0.37083759872144156	2.137091938225141	1.0145188054048273
0.37013649165357376	2.135434138240068	1.0150484768682855
0.36938802433019113	2.133722240680676	1.0155263757257462
0.3686044009794186	2.1319626162437837	1.0159612202691293
0.36748725774145874	2.1309048433721847	1.0158806481486273
0.3650931695599362	2.132777560127626	1.0138795475190445
0.36267985028217103	2.134649753602555	1.011847595531298
0.36025064634435516	2.1365081537124273	1.0097911150554864
0.3578274023586688	2.1383818190118404	1.0077470993055728
0.3554115166724534	2.1402645291873448	1.0056878461757115
0.3529779302981054	2.1421432739292157	1.0036393999872018
0.3505328203541786	2.1440044568893737	1.0015831310876837
0.3480898541892286	2.1458682641616806	0.9995192761894024
0.3456451791631764	2.147744520485106	0.9974574830342444
0.3432056734600093	2.1496226503990123	0.9953986241281267
0.3407715100799364	2.1515129487000877	0.9933527253673151
0.3383741951988327	2.153458993807665	0.9913206165684997
0.33602103127772426	2.1554151867703975	0.9892832666202346
0.33366729304302034	2.1573810251550896	0.9872443447736244
0.33132139893014195	2.1593496425616525	0.9852103947026865
0.32898611401376954	2.1613241965554986	0.9831712583057144
0.3266450651099727	2.1633148205744295	0.9811266331820842
0.32430269511303583	2.165356517250309	0.9790835031761899
0.32198188314940485	2.1674147779920863	0.9770434277958219
0.3196431581608165	2.1694864240567475	0.9749980515299179
0.3173036688755452	2.1715655523889694	0.9729461100699783
0.3149428993675223	2.173652786490904	0.9708684913804609
0.31258472069753035	2.175742530329365	0.9687945329951894
0.31022574023801613	2.1778404762987806	0.9667072389042013
0.307874333421687	2.179981407247154	0.9646011988198638
0.30551622453264027	2.1821177265526237	0.9624686377922567
0.303151855910881	2.184248951915485	0.9603431243757996
0.30077159657603303	2.1863909606804914	0.9582150874933374
0.29838641281607686	2.188549379112928	0.9560888339709402
0.2959960611654768	2.190723065753035	0.9539548842335113
0.2936001426419538	2.1929117385180428	0.9518141590242438
0.2911919317244108	2.1951173277656246	0.9496776569261357
0.28878586924424915	2.1973445004449803	0.9475431996180465
0.2863910926694332	2.199585401692538	0.9454342413578647
0.283990868116491	2.2018231448009176	0.9433282340347304
0.28155268664586786	2.2040660770199394	0.9412286047224194
0.2791376769733809	2.206308770166728	0.9391140672558941
0.2767200637303853	2.2085844194526776	0.9369937398897525
0.27429367157995366	2.2108685872259284	0.934872394763371
0.27183943609802297	2.2131721415657166	0.9327550641119704
0.269373840263898	2.215488391103575	0.9306407017182952
0.2669362135089081	2.2178206442527326	0.928549182556269
0.26450399899034815	2.2201527665852563	0.9264616857180673
0.2620803910911005	2.2224764092674483	0.924380215761804
0.2596791623075213	2.2247885048724854	0.9222808246974232
0.2572994710039153	2.227094291668545	0.920197236573242
0.25495750557642133	2.2293622136273075	0.9181412045387889
0.2526714550662519	2.231573343052589	0.9161064912742158
0.25044986862546414	2.23374079407995	0.9141177578232164
0.24833581167152796	2.2358493858033066	0.9121713256040557
0.24633520548000976	2.237866446308844	0.910312254210538
0.2444719658540946	2.2397618779476884	0.9086152015765241
0.24280977434425552	2.241508801633336	0.9070806693181187
0.24136906096618677	2.243054130800362	0.9057412777089009
0.24017127747550662	2.2443736566058994	0.9046251623211012
0.23924635347788667	2.245445127091809	0.9037504992427604
0.2386124752484354	2.24626154004037	0.9031322720677156
0.2382464175834905	2.246823755835835	0.9027520686737583
0.23812613401698618	2.2471605422174967	0.9026086893525579
0.23822395647791328	2.247282624756163	0.9026813328401475
0.23851585813543114	2.247218113704811	0.9029393176649909
0.23895884683397295	2.2469998666436846	0.9033529532751841
0.23953635298664475	2.2466558723806944	0.9038853742075346
0.2402062914352416	2.246212846158545	0.904498728671114
0.24094328444149474	2.2456981136210614	0.9051832161266904
0.24173237497459935	2.2451180008165204	0.9059102326505575
0.2425525714458453	2.244505855166123	0.9066864369625484
0.24338037096414758	2.243879462301288	0.9074810082909205
0.24419888371345888	2.2432430265992718	0.9082677317292797
0.24500680321029936	2.242586945444041	0.9090585398394434
0.24579538848372298	2.2419164363647917	0.909896992117089
0.24659824741089958	2.241254803669653	0.9107500671308352
0.2474075633826963	2.2405960409150802	0.9116008946992747
0.24821302900703715	2.239940156260528	0.912449535875588
0.24901657497113872	2.239304577982154	0.9133070021837578
0.24981929924104157	2.238666273977257	0.9141906125948426
0.25064429053725507	2.2380293770785737	0.9151256313870282
0.2514785427546407	2.2374197348129083	0.9160539800246015
0.2523053717163982	2.236839092101649	0.9169787301132416
0.2531272071354172	2.236269530336097	0.9178961512644509
0.25394992248124176	2.235708048199405	0.918815415655349
0.25476348746723587	2.2351595363904355	0.9197451228175512
0.25556882292935007	2.234613324598682	0.9206568884073798
0.2563661909643958	2.234060185431412	0.9215401665448549
0.25664966434341563	2.23481258993457	0.9220078179066663
0.25616438388460405	2.2374428880153383	0.9218602816878604
0.25568435347897367	2.2400540602363748	0.9217114012845263
0.2552205562978631	2.242714221283115	0.9215624230944126
0.2547587667233951	2.2453924921182975	0.9214087943871098
0.2543058778936454	2.24807481949655	0.9212517200130967
0.25385481460323106	2.2507514208035957	0.9211045976806725
0.2534207047686824	2.2534263445727643	0.9209559110524714
0.25298239369212283	2.2560985721962075	0.9207967168903594
0.25253113320970755	2.2587734637728123	0.9206375212064853
0.25208654134182307	2.261468296311501	0.9204429940438981
0.25163841444485846	2.264183648584942	0.9202246717529101
0.2511926108265076	2.266897269945048	0.9200253784238226
